START
0.4772|0.0172|0.4968|0.0003|0.5162|0.0012|0.5316|0.0021|0.4347|0.0|0.4127|0.0007|0.3893|0.0018|0.5425|0.0158|0.3441|0.0187|0.512|0.0414|0.4294|0.0433|0.7032|0.1431|0.1768|0.1589|0.8497|0.296|0.0773|0.3307|0.9583|0.4394|0.0347|0.4778|1.0|0.4809|0.0|0.5263|0.968|0.4861|0.0301|0.5266|0.9451|0.4704|0.0621|0.5127|0.6396|0.4857|0.3292|0.4838|0.6583|0.7178|0.2772|0.7256|0.6906|0.9208|0.3314|0.9018|0.6568|0.9463|0.3927|0.9294|0.7929|1.0|0.1962|0.9797|
0.4854|0.0182|0.5055|0.0006|0.5246|0.0015|0.5395|0.0024|0.4427|0.0|0.4204|0.0005|0.3964|0.0015|0.5502|0.0156|0.3507|0.0177|0.5178|0.0428|0.4356|0.0452|0.7054|0.1451|0.1845|0.1586|0.8496|0.3031|0.0815|0.3312|0.9591|0.4379|0.0349|0.4758|1.0|0.4805|0.0|0.5226|0.9686|0.4852|0.0359|0.5241|0.9459|0.4695|0.0667|0.5101|0.6438|0.4853|0.3376|0.4838|0.6586|0.7109|0.2851|0.7193|0.693|0.9209|0.3585|0.9002|0.6677|0.9472|0.4224|0.9283|0.7969|1.0|0.2271|0.9807|
0.4902|0.0202|0.513|0.0004|0.5313|0.0012|0.5456|0.0017|0.4482|0.0|0.4259|0.0005|0.4035|0.0012|0.5596|0.0153|0.3603|0.0154|0.5237|0.0445|0.4404|0.0465|0.7083|0.1403|0.1912|0.1537|0.8496|0.301|0.0875|0.328|0.9573|0.4385|0.0347|0.4728|1.0|0.482|0.0|0.5182|0.9604|0.4883|0.0386|0.5197|0.943|0.4708|0.0672|0.5062|0.6453|0.4823|0.3435|0.4815|0.6695|0.7091|0.2985|0.7198|0.7051|0.9189|0.3792|0.9013|0.6763|0.9436|0.4411|0.9284|0.8129|1.0|0.2492|0.9832|
0.5161|0.0192|0.5415|0.0024|0.5594|0.004|0.5748|0.0055|0.4772|0.0|0.4541|0.0002|0.4321|0.0007|0.592|0.0197|0.3862|0.0175|0.5493|0.045|0.4643|0.0453|0.7348|0.1512|0.2092|0.158|0.8665|0.3134|0.1044|0.3278|0.9601|0.4521|0.0412|0.4731|1.0|0.5006|0.0|0.5205|0.9609|0.5017|0.0485|0.5215|0.9313|0.4898|0.0789|0.5049|0.6682|0.4911|0.3602|0.4904|0.6912|0.7066|0.3331|0.7032|0.7456|0.917|0.4099|0.8976|0.7021|0.9423|0.4573|0.9247|0.8284|1.0|0.2688|0.9814|
0.5245|0.0195|0.5492|0.0034|0.567|0.0051|0.5823|0.0067|0.4858|0.0001|0.4625|0.0|0.44|0.0001|0.5956|0.0216|0.3925|0.0168|0.5564|0.0456|0.4717|0.0446|0.7378|0.1551|0.2074|0.1567|0.867|0.3203|0.1018|0.3229|0.9659|0.4642|0.0373|0.474|1.0|0.5104|0.0|0.5252|0.9677|0.5135|0.0517|0.5261|0.9385|0.4989|0.0819|0.5077|0.6575|0.4912|0.3479|0.4896|0.6951|0.7162|0.3126|0.7129|0.7641|0.9223|0.4161|0.8975|0.723|0.9475|0.471|0.9207|0.8462|1.0|0.2748|0.9822|
0.5277|0.0218|0.551|0.0037|0.5676|0.005|0.5818|0.0073|0.4897|0.0005|0.4664|0.0001|0.4438|0.0|0.5927|0.0215|0.3938|0.0161|0.5572|0.0468|0.4751|0.0465|0.7303|0.1533|0.207|0.1526|0.8486|0.3158|0.1072|0.3236|0.9532|0.4552|0.0396|0.4667|1.0|0.5033|0.0|0.5195|0.9569|0.5077|0.0491|0.5209|0.9361|0.489|0.0783|0.503|0.6452|0.4889|0.3348|0.4875|0.7089|0.72|0.3209|0.7241|0.7774|0.9214|0.4173|0.895|0.7331|0.9463|0.4665|0.916|0.8655|1.0|0.3153|0.9797|
0.5417|0.0246|0.5695|0.0082|0.5856|0.0107|0.6032|0.0131|0.5093|0.0022|0.4845|0.0009|0.4619|0.0|0.6094|0.0278|0.416|0.0133|0.5612|0.0514|0.4791|0.0486|0.7363|0.1632|0.2125|0.1506|0.8466|0.3278|0.0952|0.3202|0.9585|0.474|0.0413|0.4697|1.0|0.5212|0.0|0.5194|0.9699|0.5246|0.0499|0.5212|0.9461|0.5093|0.0853|0.5048|0.6609|0.4883|0.3472|0.4946|0.7673|0.7203|0.3144|0.7329|0.7854|0.912|0.4226|0.8848|0.749|0.9329|0.4737|0.904|0.8858|1.0|0.3433|0.9742|
0.5625|0.0233|0.5845|0.0051|0.6021|0.0068|0.6184|0.0085|0.524|0.0011|0.4971|0.0005|0.4716|0.0|0.6198|0.0235|0.4206|0.0141|0.5815|0.0496|0.5035|0.0488|0.7494|0.1581|0.2141|0.1455|0.8437|0.32|0.0895|0.307|0.9569|0.4654|0.0385|0.4547|1.0|0.5117|0.0|0.5009|0.9643|0.5141|0.0453|0.5019|0.9461|0.4999|0.0632|0.4874|0.6713|0.4725|0.3575|0.4864|0.7745|0.7021|0.3141|0.7181|0.7835|0.9132|0.4144|0.8549|0.7477|0.9344|0.4647|0.8692|0.9005|1.0|0.3384|0.941|
0.589|0.0255|0.6122|0.0056|0.6291|0.0067|0.6464|0.0078|0.5534|0.0019|0.5285|0.0007|0.5022|0.0|0.645|0.0183|0.4446|0.008|0.6038|0.0509|0.5332|0.0486|0.7611|0.1496|0.2375|0.1321|0.849|0.3067|0.1102|0.2982|0.9589|0.4463|0.0457|0.4327|1.0|0.4927|0.0|0.4804|0.9614|0.4932|0.0287|0.4802|0.9359|0.4797|0.0671|0.4666|0.6753|0.4626|0.3659|0.4706|0.7687|0.6939|0.308|0.6949|0.8165|0.9181|0.4064|0.8108|0.7778|0.9397|0.4539|0.8234|0.9199|1.0|0.3518|0.9079|
0.6414|0.0267|0.652|0.0042|0.6643|0.0048|0.6767|0.006|0.5952|0.0015|0.5697|0.0006|0.545|0.0|0.6516|0.0156|0.4711|0.0104|0.6544|0.0496|0.585|0.0475|0.7698|0.1554|0.2752|0.1234|0.9041|0.3031|0.1343|0.2672|0.9659|0.4322|0.0603|0.4075|1.0|0.4761|0.0|0.4454|0.9645|0.4769|0.0457|0.4476|0.9363|0.4622|0.0816|0.4358|0.6974|0.4496|0.3853|0.4504|0.7348|0.6924|0.2629|0.67|0.7583|0.9127|0.3908|0.7749|0.7203|0.9467|0.4001|0.7798|0.8313|1.0|0.2931|0.8675|
0.6407|0.0242|0.6518|0.0013|0.6668|0.0007|0.6799|0.0|0.5937|0.0017|0.5678|0.0015|0.5411|0.0014|0.6663|0.0086|0.4783|0.0101|0.6581|0.0488|0.5904|0.048|0.8017|0.1442|0.2838|0.1188|0.9009|0.3019|0.141|0.2652|0.9631|0.4376|0.0552|0.4024|1.0|0.4827|0.0|0.4412|0.9672|0.4822|0.0306|0.452|0.9489|0.4691|0.07|0.4336|0.6948|0.4378|0.369|0.4379|0.7199|0.6904|0.2434|0.6356|0.7066|0.9102|0.3444|0.7579|0.6695|0.94|0.3741|0.7717|0.798|1.0|0.2456|0.8637|
0.5876|0.0261|0.6016|0.0011|0.6199|0.0005|0.6347|0.0|0.5422|0.0026|0.5197|0.0021|0.4937|0.0027|0.6428|0.0068|0.4395|0.0129|0.6112|0.0487|0.5388|0.0499|0.8116|0.1362|0.272|0.13|0.9087|0.2957|0.1399|0.2848|0.965|0.4357|0.0603|0.4245|1.0|0.4836|0.0|0.4613|0.9713|0.4809|0.0414|0.4639|0.9553|0.4683|0.0785|0.4518|0.6825|0.4574|0.3537|0.4462|0.6781|0.6955|0.2115|0.6549|0.6405|0.905|0.3219|0.7683|0.614|0.9208|0.3462|0.7738|0.6655|1.0|0.2072|0.8693|
0.5455|0.0264|0.5515|0.0022|0.5683|0.0013|0.5803|0.0|0.5046|0.0042|0.4844|0.0046|0.453|0.0049|0.5859|0.0063|0.4028|0.0165|0.5632|0.0482|0.5021|0.0505|0.7716|0.1319|0.2613|0.1361|0.9058|0.2842|0.1335|0.2962|0.9707|0.4329|0.0599|0.4289|1.0|0.4816|0.0|0.4703|0.9766|0.4836|0.052|0.4736|0.9542|0.4685|0.0844|0.4557|0.654|0.4627|0.3397|0.4535|0.6946|0.7008|0.2186|0.6718|0.59|0.9138|0.2959|0.8323|0.5424|0.9356|0.3227|0.8489|0.6686|1.0|0.1986|0.9372|
0.4013|0.0262|0.4282|0.004|0.4507|0.003|0.4702|0.0|0.3591|0.0089|0.341|0.011|0.323|0.0126|0.5101|0.0123|0.3038|0.0269|0.458|0.0491|0.3755|0.0519|0.7367|0.1273|0.2072|0.1541|0.8921|0.2746|0.1168|0.3083|0.9724|0.4157|0.0449|0.4438|1.0|0.456|0.0|0.4793|0.9629|0.4578|0.0323|0.4828|0.9523|0.4473|0.0623|0.4686|0.6368|0.4501|0.3174|0.4473|0.5971|0.6903|0.2876|0.6953|0.4991|0.838|0.2562|0.915|0.4605|0.8532|0.2626|0.9486|0.5638|0.9138|0.2109|1.0|
0.3641|0.0324|0.3933|0.0035|0.4074|0.0019|0.4342|0.0|0.3405|0.0151|0.3137|0.0167|0.2987|0.0176|0.4749|0.0037|0.2862|0.0244|0.4107|0.0425|0.3486|0.052|0.7263|0.1192|0.1692|0.1463|0.8734|0.2649|0.0902|0.3143|0.9709|0.421|0.0425|0.4631|1.0|0.4622|0.0|0.503|0.9724|0.4651|0.048|0.504|0.9461|0.4514|0.0831|0.4878|0.6651|0.4342|0.3327|0.4394|0.6842|0.6657|0.3164|0.6796|0.5599|0.791|0.2492|0.9136|0.5097|0.7955|0.263|0.9375|0.6534|0.8733|0.3127|1.0|
0.3624|0.0346|0.3858|0.004|0.3996|0.0023|0.4259|0.0|0.3382|0.0168|0.3134|0.0184|0.3005|0.0192|0.4697|0.0022|0.2943|0.0242|0.4279|0.0499|0.3517|0.0547|0.7397|0.1063|0.1863|0.14|0.8987|0.2604|0.0921|0.3111|0.9604|0.4115|0.0306|0.4537|1.0|0.4557|0.0|0.4859|0.9556|0.4581|0.028|0.4808|0.9214|0.4458|0.0647|0.4728|0.6657|0.4298|0.3342|0.4274|0.7127|0.6615|0.3544|0.6682|0.6061|0.744|0.2888|0.9069|0.5498|0.7406|0.2796|0.941|0.6522|0.8368|0.3493|1.0|
0.4406|0.0205|0.4588|0.0021|0.47|0.0013|0.4803|0.0|0.4088|0.0048|0.401|0.0057|0.391|0.0062|0.5215|0.004|0.3764|0.0238|0.4823|0.0395|0.438|0.0486|0.7657|0.1254|0.2696|0.1539|0.9435|0.2878|0.1639|0.3258|0.9784|0.4487|0.0521|0.4635|1.0|0.4923|0.0|0.4976|0.9511|0.491|0.0149|0.4943|0.9367|0.476|0.0455|0.4879|0.7043|0.4591|0.4047|0.4622|0.7611|0.7052|0.3565|0.7112|0.7057|0.898|0.4497|0.9224|0.6885|0.9139|0.4738|0.9534|0.7615|0.9784|0.4067|1.0|
0.4762|0.0224|0.5023|0.0019|0.514|0.0011|0.525|0.0|0.4448|0.0049|0.4359|0.0053|0.4254|0.0055|0.5608|0.0117|0.4149|0.0231|0.517|0.0519|0.4555|0.055|0.7905|0.1398|0.3056|0.1602|0.9929|0.2831|0.1959|0.3174|0.9817|0.4371|0.0558|0.4272|1.0|0.4818|0.0|0.4531|0.9459|0.4801|0.0115|0.4563|0.9234|0.4613|0.0398|0.4408|0.7183|0.469|0.4317|0.4741|0.7143|0.7303|0.3957|0.7253|0.7651|0.9134|0.5158|0.9285|0.768|0.9298|0.5568|0.9526|0.7617|1.0|0.4155|0.9978|
0.5477|0.053|0.5417|0.0011|0.5764|0.0|0.583|0.0|0.5223|0.0213|0.5039|0.0204|0.4839|0.0189|0.6207|0.0068|0.4498|0.0135|0.5744|0.0644|0.4892|0.0676|0.8289|0.1294|0.3407|0.145|1.0|0.2758|0.2356|0.3058|0.9348|0.4079|0.0654|0.4073|0.933|0.451|0.0|0.438|0.8726|0.4354|0.0137|0.4358|0.8673|0.4267|0.0459|0.428|0.6953|0.4707|0.41|0.4584|0.6319|0.7327|0.2948|0.6897|0.6392|0.8509|0.4758|0.8568|0.6122|0.8625|0.5224|0.8674|0.6707|1.0|0.3859|0.9472|
0.5185|0.0769|0.5345|0.0336|0.5827|0.0324|0.6202|0.0316|0.4698|0.0329|0.4593|0.0316|0.4485|0.0296|0.646|0.0031|0.4541|0.0|0.543|0.0744|0.4752|0.073|0.8075|0.0243|0.2637|0.0406|1.0|0.1901|0.2017|0.2012|0.8895|0.3405|0.0684|0.3432|0.8573|0.3906|0.0|0.3761|0.8026|0.3664|0.0087|0.3771|0.7756|0.3578|0.0454|0.3635|0.6686|0.4325|0.3735|0.415|0.6624|0.7359|0.2701|0.6804|0.6904|0.8383|0.3937|0.8291|0.6895|0.8411|0.4459|0.8308|0.6781|1.0|0.3177|0.9458|
0.4153|0.0936|0.4617|0.0064|0.5233|0.0201|0.5429|0.0051|0.3186|0.026|0.2532|0.0261|0.1909|0.0046|0.6071|0.0|0.1185|0.0031|0.4941|0.1238|0.3304|0.1283|0.8101|0.1009|0.0108|0.1438|1.0|0.2803|0.0|0.3951|0.5729|0.3776|0.0902|0.5099|0.5137|0.4225|0.0927|0.5591|0.4552|0.3932|0.1345|0.5296|0.4599|0.3849|0.177|0.5104|0.6165|0.4902|0.2115|0.4912|0.5374|0.7253|0.0611|0.7091|0.4937|0.8484|0.1923|0.8348|0.4756|0.8511|0.2922|0.8593|0.4411|0.9993|0.1299|1.0|
0.3423|0.0753|0.4179|0.0232|0.4309|0.0238|0.4957|0.0|0.2806|0.0156|0.2688|0.0142|0.2111|0.0108|0.5786|0.0019|0.182|0.014|0.4117|0.1153|0.2849|0.106|0.6864|0.0629|0.027|0.1129|0.8991|0.2471|0.0|0.3117|0.95|0.3349|0.1065|0.4443|1.0|0.378|0.1072|0.4858|0.9519|0.3784|0.1321|0.4663|0.9419|0.3524|0.1632|0.4508|0.5433|0.4264|0.2249|0.4341|0.4588|0.6868|0.1531|0.7039|0.3577|0.8693|0.263|0.8704|0.345|0.8664|0.3169|0.8652|0.284|0.9803|0.1512|1.0|
0.3135|0.0512|0.3671|0.028|0.4115|0.0059|0.4193|0.0061|0.3086|0.0239|0.3006|0.0233|0.2926|0.0225|0.4856|0.0|0.2767|0.0074|0.3689|0.0831|0.3084|0.0764|0.6232|0.0629|0.1723|0.0844|0.8397|0.2313|0.1018|0.2267|0.923|0.3709|0.0382|0.3507|1.0|0.4391|0.0|0.3932|0.9666|0.4309|0.0038|0.3832|0.9332|0.4226|0.0369|0.3786|0.5286|0.4336|0.3195|0.4426|0.4913|0.7414|0.2634|0.6917|0.4679|0.8983|0.3734|0.875|0.4672|0.8997|0.4128|0.894|0.3365|1.0|0.2237|0.967|
0.3904|0.0767|0.4152|0.0036|0.4757|0.0024|0.5364|0.0|0.3387|0.0209|0.2955|0.0192|0.2512|0.0175|0.6104|0.0007|0.2096|0.0213|0.4389|0.0947|0.3256|0.1129|0.7669|0.1431|0.0912|0.136|0.9393|0.3146|0.0|0.3239|0.975|0.4742|0.025|0.3828|1.0|0.516|0.0134|0.4033|0.9535|0.5126|0.0078|0.3632|0.91|0.4998|0.0427|0.3647|0.6613|0.5309|0.2886|0.5164|0.6433|0.701|0.3291|0.7449|0.5809|0.8284|0.3664|0.8831|0.5932|0.836|0.4091|0.8968|0.5578|0.9438|0.3021|1.0|
0.5259|0.0424|0.576|0.0017|0.6183|0.0012|0.6607|0.001|0.4712|0.0012|0.4262|0.0006|0.3837|0.0|0.7167|0.0221|0.3411|0.0197|0.6099|0.0808|0.4577|0.0802|0.8848|0.1828|0.243|0.1915|1.0|0.3589|0.0761|0.3757|0.9583|0.458|0.0311|0.4033|0.972|0.4786|0.0|0.4106|0.9462|0.474|0.0238|0.39|0.9103|0.4682|0.0587|0.3901|0.8017|0.5593|0.5027|0.5601|0.738|0.7347|0.5136|0.7632|0.707|0.898|0.519|0.9205|0.7186|0.9214|0.5433|0.9453|0.6372|0.9826|0.4807|1.0|
0.4104|0.035|0.4519|0.0018|0.4786|0.0011|0.512|0.0004|0.3846|0.0014|0.3576|0.0006|0.3295|0.0|0.5613|0.0119|0.3204|0.01|0.475|0.0618|0.3709|0.0613|0.7781|0.1284|0.2079|0.1448|0.8945|0.3055|0.0735|0.3371|0.9694|0.4418|0.055|0.4335|1.0|0.4718|0.0|0.4507|0.9838|0.4691|0.0513|0.4336|0.9395|0.4604|0.0539|0.4334|0.7245|0.4943|0.4172|0.5118|0.7503|0.7229|0.3977|0.7278|0.7128|0.8825|0.5111|0.9147|0.7407|0.8991|0.5692|0.9419|0.6088|0.9777|0.4141|1.0|
0.2991|0.0426|0.3206|0.0069|0.3432|0.0043|0.3637|0.0018|0.2718|0.0101|0.2508|0.0101|0.2319|0.0098|0.4002|0.0|0.2256|0.0098|0.3517|0.0594|0.2779|0.0631|0.6433|0.0901|0.1277|0.1061|0.8175|0.2817|0.1215|0.3094|0.9259|0.4807|0.036|0.3976|1.0|0.5291|0.0|0.4041|0.9588|0.5371|0.0207|0.4008|0.9122|0.5121|0.0244|0.3987|0.5711|0.4947|0.299|0.4667|0.556|0.7546|0.3223|0.7412|0.6169|0.8636|0.4184|0.9129|0.6426|0.8661|0.4573|0.9347|0.5617|0.964|0.3627|1.0|
0.3382|0.0324|0.3612|0.0017|0.3813|0.0008|0.3993|0.0|0.3227|0.0017|0.3044|0.0012|0.2871|0.0005|0.4305|0.0047|0.2826|0.004|0.3802|0.0525|0.2914|0.0403|0.6116|0.1004|0.1599|0.1097|0.7212|0.3248|0.1289|0.3084|0.9051|0.5051|0.0431|0.4296|1.0|0.554|0.0|0.4559|0.9841|0.5559|0.0051|0.4558|0.9291|0.5421|0.0369|0.4363|0.5377|0.48|0.3214|0.4521|0.5555|0.7443|0.3729|0.7186|0.591|0.9132|0.4351|0.8951|0.6326|0.931|0.4723|0.9228|0.4939|1.0|0.3597|0.9678|
0.3764|0.0656|0.3973|0.038|0.4514|0.0235|0.48|0.0177|0.3149|0.0409|0.3063|0.04|0.2406|0.0398|0.5163|0.0|0.2666|0.0239|0.4586|0.0867|0.31|0.0954|0.7113|0.0698|0.1175|0.1001|0.8708|0.2225|0.0466|0.2305|0.9398|0.4023|0.0043|0.3217|1.0|0.4496|0.0014|0.3304|0.9591|0.4467|0.0|0.3284|0.9218|0.4361|0.0387|0.3218|0.6197|0.4345|0.3545|0.4417|0.6095|0.7031|0.4382|0.7226|0.5686|0.8787|0.5086|0.8646|0.5791|0.8918|0.5191|0.8996|0.5057|1.0|0.4311|0.9883|
0.2357|0.0587|0.2431|0.0033|0.294|0.0004|0.3043|0.0|0.1798|0.0081|0.1736|0.0096|0.128|0.0137|0.369|0.0011|0.1416|0.0426|0.3126|0.0827|0.1965|0.0902|0.6255|0.1659|0.0681|0.1838|0.8029|0.3557|0.0353|0.3535|0.9303|0.4956|0.0045|0.4911|1.0|0.5239|0.0|0.5362|0.9632|0.525|0.03|0.5167|0.9106|0.5213|0.032|0.5125|0.554|0.5521|0.2383|0.5392|0.5934|0.7806|0.3063|0.7744|0.612|0.8714|0.419|0.9172|0.6167|0.8757|0.4679|0.9379|0.5694|0.9632|0.3517|1.0|
0.259|0.095|0.3191|0.0287|0.3653|0.0223|0.4115|0.0159|0.2049|0.038|0.1591|0.039|0.1132|0.0399|0.5011|0.0|0.0861|0.032|0.3398|0.0927|0.2018|0.122|0.7571|0.0882|0.0221|0.0708|0.991|0.2098|0.0203|0.2616|0.9813|0.2966|0.0082|0.3628|1.0|0.3115|0.0061|0.4128|0.9539|0.303|0.0|0.3898|0.9208|0.3019|0.038|0.3843|0.6329|0.4515|0.2013|0.4287|0.7019|0.6871|0.2264|0.7244|0.6356|0.8129|0.3972|0.8749|0.6251|0.8213|0.4725|0.8895|0.5502|0.9365|0.3214|1.0|
0.373|0.0422|0.4055|0.0073|0.4331|0.006|0.4546|0.0043|0.346|0.0071|0.32|0.0056|0.295|0.0037|0.4759|0.0009|0.2577|0.0|0.4112|0.0593|0.3209|0.0586|0.6674|0.0849|0.0798|0.1056|0.8923|0.2296|0.0|0.2615|0.9702|0.3669|0.0473|0.3197|1.0|0.4077|0.049|0.3448|0.9663|0.4076|0.0803|0.3286|0.9229|0.3956|0.1022|0.3226|0.5173|0.4555|0.1983|0.4584|0.5465|0.7292|0.2063|0.6988|0.5701|0.8726|0.3511|0.8865|0.5968|0.9125|0.3858|0.9065|0.584|1.0|0.3168|0.9833|
0.4022|0.0586|0.4337|0.0204|0.4537|0.018|0.4756|0.0156|0.3827|0.0212|0.3617|0.019|0.3377|0.0167|0.4974|0.0|0.3115|0.0007|0.4363|0.0683|0.3623|0.0684|0.6961|0.0426|0.125|0.0622|0.8632|0.1768|0.1061|0.2044|0.9635|0.3281|0.0521|0.3684|1.0|0.3677|0.0|0.401|0.9641|0.3713|0.0429|0.3977|0.9239|0.3593|0.048|0.3927|0.5349|0.4247|0.251|0.4245|0.5813|0.6989|0.3043|0.6893|0.5834|0.8587|0.4349|0.8988|0.6008|0.8945|0.4631|0.9174|0.6041|0.9927|0.4282|1.0|
0.5501|0.045|0.5701|0.0236|0.5777|0.0247|0.6385|0.0245|0.4899|0.0001|0.4786|0.0|0.4022|0.0013|0.6193|0.0086|0.377|0.0021|0.5574|0.075|0.4684|0.0449|0.7212|0.1222|0.0808|0.1093|1.0|0.2287|0.0138|0.252|0.9858|0.298|0.0022|0.3488|0.9738|0.3134|0.0065|0.3771|0.9446|0.3073|0.0|0.3758|0.9178|0.3042|0.0575|0.3736|0.5783|0.4852|0.1817|0.4883|0.7011|0.7385|0.2563|0.7494|0.7365|0.8641|0.4647|0.8979|0.6598|0.8837|0.5183|0.9101|0.6819|1.0|0.4341|0.9964|
0.4306|0.0647|0.4822|0.0302|0.5037|0.0311|0.5251|0.0315|0.4308|0.0229|0.4072|0.0184|0.3837|0.0135|0.5489|0.0013|0.3495|0.0|0.4373|0.049|0.3432|0.0505|0.6531|0.0993|0.0898|0.0832|0.8919|0.3059|0.0737|0.2502|0.9423|0.5155|0.0234|0.4291|1.0|0.5668|0.0027|0.4815|0.9417|0.5917|0.0|0.4814|0.8951|0.5629|0.0093|0.4571|0.4623|0.4949|0.1485|0.4949|0.5176|0.794|0.2209|0.7356|0.5415|0.8908|0.3309|0.8596|0.5608|0.8874|0.345|0.8642|0.468|1.0|0.2316|0.9392|
0.5572|0.0616|0.6002|0.029|0.6207|0.0309|0.6392|0.0326|0.5473|0.0197|0.5229|0.015|0.4986|0.0098|0.6179|0.016|0.4415|0.0|0.561|0.0835|0.4746|0.0533|0.6783|0.1148|0.1496|0.0849|0.918|0.2985|0.1116|0.2767|0.9552|0.5027|0.0557|0.4316|1.0|0.5489|0.0|0.4784|0.9406|0.5562|0.008|0.477|0.9027|0.5472|0.0532|0.4571|0.5242|0.5039|0.2225|0.505|0.563|0.7281|0.2459|0.6733|0.5695|0.8795|0.3367|0.8191|0.5856|0.884|0.3841|0.8215|0.5169|1.0|0.2803|0.8985|
0.3975|0.0574|0.4295|0.0218|0.4478|0.0213|0.4662|0.0205|0.3851|0.0192|0.3671|0.0156|0.3451|0.0125|0.4743|0.011|0.3077|0.0|0.4144|0.0717|0.3478|0.0673|0.5875|0.0785|0.1251|0.0752|0.8087|0.2405|0.0734|0.2531|0.9256|0.3485|0.0153|0.3691|1.0|0.3847|0.0|0.4199|0.9505|0.4033|0.0135|0.4016|0.9008|0.3928|0.017|0.3997|0.5058|0.4631|0.2267|0.4662|0.5408|0.7202|0.2738|0.662|0.6895|0.851|0.3718|0.8193|0.6896|0.8541|0.4246|0.8228|0.6436|1.0|0.2825|0.9222|
0.4176|0.0557|0.4465|0.0213|0.4649|0.0188|0.4814|0.0159|0.4041|0.0232|0.3836|0.0216|0.3632|0.0196|0.4861|0.0|0.3208|0.0052|0.4229|0.0464|0.3852|0.0701|0.5999|0.0492|0.1574|0.076|0.8126|0.1821|0.0|0.2507|0.9448|0.2671|0.079|0.2125|1.0|0.2977|0.1582|0.2414|0.9923|0.2807|0.1008|0.178|0.9685|0.2747|0.0999|0.1809|0.5696|0.4359|0.3305|0.449|0.5947|0.6946|0.3367|0.6453|0.6457|0.8787|0.4381|0.7707|0.65|0.8913|0.4566|0.7977|0.6537|1.0|0.4073|0.8857|
0.5179|0.0758|0.5321|0.0472|0.5595|0.0449|0.569|0.0429|0.486|0.0529|0.477|0.0538|0.4657|0.0295|0.5684|0.0174|0.4532|0.0368|0.5449|0.098|0.4815|0.0796|0.6507|0.0948|0.3375|0.1199|0.8641|0.0897|0.0934|0.141|0.957|0.0291|0.006|0.0791|1.0|0.0131|0.0|0.0551|0.9907|0.0|0.0204|0.0383|0.9656|0.0289|0.0407|0.0492|0.6318|0.4759|0.4503|0.4914|0.6548|0.7197|0.462|0.723|0.6734|0.8868|0.5324|0.8285|0.667|0.8839|0.569|0.8551|0.673|1.0|0.5114|0.9474|
0.5511|0.2116|0.5679|0.2041|0.5778|0.2055|0.5936|0.2071|0.5334|0.2025|0.5229|0.2043|0.5051|0.2068|0.6119|0.2237|0.4967|0.2286|0.5678|0.2336|0.526|0.2351|0.6988|0.2936|0.419|0.3052|0.8664|0.1707|0.2393|0.2028|0.9615|0.0378|0.0568|0.0908|1.0|0.0062|0.0|0.0731|0.9851|0.0|0.0122|0.0611|0.9758|0.0089|0.0239|0.0721|0.6558|0.6121|0.4754|0.6207|0.6534|0.7632|0.4583|0.7925|0.6421|0.8888|0.4755|0.9434|0.6305|0.896|0.4899|0.9471|0.6534|0.9605|0.4728|1.0|
0.5406|0.2335|0.597|0.2197|0.6181|0.222|0.6391|0.2249|0.5438|0.2172|0.5219|0.2176|0.5105|0.2181|0.6927|0.2426|0.5041|0.2298|0.5758|0.2533|0.5083|0.2507|0.8035|0.3118|0.3311|0.2988|0.9578|0.1743|0.156|0.1862|0.9654|0.0332|0.0606|0.1244|1.0|0.0033|0.0132|0.1195|0.9592|0.0|0.0|0.1157|0.9441|0.0123|0.037|0.118|0.7189|0.5917|0.4073|0.5853|0.7127|0.7363|0.361|0.7789|0.6597|0.8507|0.3867|0.935|0.6162|0.8729|0.3855|0.9379|0.7133|0.9185|0.3966|1.0|
0.5084|0.2233|0.5722|0.2073|0.6049|0.2096|0.6361|0.2124|0.5011|0.2036|0.4844|0.2032|0.4687|0.2032|0.6883|0.2275|0.4378|0.2168|0.5527|0.2449|0.4634|0.2398|0.8023|0.2944|0.2782|0.2924|1.0|0.1669|0.0876|0.2107|0.8533|0.0306|0.0409|0.2149|0.8596|0.0025|0.0|0.2113|0.8186|0.0|0.0267|0.2149|0.8082|0.0121|0.0605|0.2177|0.6882|0.5838|0.3415|0.5857|0.6912|0.7461|0.3503|0.7659|0.6665|0.8723|0.401|0.9263|0.6228|0.8797|0.4104|0.949|0.6872|0.948|0.3444|1.0|
0.4114|0.2286|0.4671|0.2076|0.5065|0.2071|0.5469|0.2067|0.3536|0.2099|0.3124|0.2112|0.2785|0.2129|0.5956|0.2168|0.2165|0.2227|0.4924|0.247|0.3485|0.2491|0.7415|0.2912|0.045|0.2864|1.0|0.15|0.0|0.1536|0.7796|0.0358|0.4366|0.0421|0.7285|0.0088|0.5779|0.0124|0.6902|0.0064|0.5848|0.0|0.6884|0.0138|0.5742|0.0194|0.6462|0.5996|0.1212|0.5986|0.6111|0.7746|0.1185|0.7545|0.5304|0.9029|0.179|0.9215|0.4763|0.9122|0.1932|0.9396|0.5187|0.9845|0.1357|1.0|
0.4837|0.1925|0.545|0.177|0.5822|0.1775|0.6195|0.178|0.4409|0.1765|0.4057|0.1765|0.3711|0.1763|0.6722|0.1882|0.3344|0.1832|0.5506|0.2116|0.4199|0.2104|0.8017|0.2571|0.1646|0.2489|1.0|0.12|0.0|0.147|0.7252|0.0312|0.4058|0.0322|0.6938|0.0004|0.5044|0.0034|0.6521|0.0|0.5235|0.0009|0.6499|0.0159|0.5098|0.0147|0.68|0.5672|0.2212|0.563|0.7631|0.7566|0.1276|0.7358|0.7559|0.9194|0.2263|0.8603|0.7205|0.9416|0.2585|0.8728|0.7724|1.0|0.1457|0.9508|
0.512|0.1604|0.5588|0.1436|0.5911|0.1449|0.6225|0.146|0.4681|0.1411|0.4351|0.1404|0.3985|0.1398|0.6828|0.1551|0.3589|0.147|0.5591|0.18|0.4415|0.1788|0.822|0.2294|0.1865|0.2248|1.0|0.098|0.0|0.1317|0.697|0.0176|0.4765|0.0543|0.6386|0.0|0.5743|0.0274|0.614|0.0019|0.5791|0.0258|0.6225|0.0181|0.559|0.0394|0.7254|0.5457|0.2839|0.5496|0.7953|0.7332|0.1515|0.6788|0.7982|0.9094|0.2107|0.7943|0.7357|0.9314|0.2451|0.8066|0.8417|1.0|0.1445|0.9003|
0.5059|0.1398|0.5291|0.1259|0.5617|0.1253|0.5816|0.1246|0.4488|0.1282|0.424|0.1289|0.397|0.1294|0.6004|0.1326|0.3378|0.1375|0.546|0.153|0.442|0.1534|0.7418|0.2116|0.1815|0.2009|1.0|0.0954|0.0|0.1094|0.6599|0.015|0.4256|0.0822|0.5655|0.0|0.507|0.058|0.5416|0.0017|0.5411|0.0629|0.5592|0.0076|0.5078|0.0808|0.6691|0.5223|0.2863|0.5271|0.8072|0.7134|0.1914|0.6883|0.8123|0.8988|0.2472|0.7827|0.7738|0.9219|0.2797|0.8123|0.8591|1.0|0.2026|0.8749|
0.4418|0.1271|0.4789|0.1166|0.4952|0.1178|0.5115|0.1189|0.4204|0.1156|0.4013|0.1157|0.3678|0.1166|0.5703|0.1356|0.3326|0.1231|0.4778|0.1444|0.4067|0.1425|0.6905|0.2133|0.2159|0.1997|1.0|0.1145|0.0|0.0935|0.7574|0.0222|0.4407|0.0569|0.7047|0.0|0.5389|0.0288|0.6798|0.0024|0.5439|0.0397|0.6795|0.018|0.5332|0.0447|0.6037|0.5211|0.2843|0.5275|0.7412|0.7172|0.1614|0.6813|0.8397|0.9057|0.2828|0.8167|0.8051|0.9306|0.3668|0.8305|0.9006|1.0|0.208|0.8917|
0.4796|0.1836|0.521|0.1707|0.5429|0.1731|0.5683|0.1759|0.4624|0.1665|0.4438|0.1659|0.4213|0.1647|0.591|0.1891|0.3792|0.1752|0.5091|0.2022|0.4362|0.1954|0.7047|0.2558|0.217|0.2493|1.0|0.1638|0.0|0.1523|0.9594|0.0311|0.285|0.0367|0.94|0.0036|0.3471|0.0141|0.8778|0.0|0.4079|0.0146|0.8721|0.0106|0.4007|0.0219|0.6705|0.5523|0.3471|0.5573|0.7801|0.7489|0.2853|0.7273|0.8283|0.9162|0.35|0.856|0.806|0.9395|0.4299|0.8785|0.8957|1.0|0.2441|0.9347|
0.4031|0.2072|0.4278|0.1977|0.44|0.1992|0.4532|0.2034|0.3897|0.1947|0.3744|0.1946|0.3601|0.1946|0.4662|0.218|0.3308|0.2105|0.4211|0.2309|0.366|0.2251|0.565|0.2928|0.2156|0.2834|0.818|0.2216|0.0179|0.1892|0.9526|0.0849|0.0215|0.0389|1.0|0.0516|0.0|0.0005|0.9747|0.0425|0.0206|0.0|0.9526|0.0549|0.0345|0.0149|0.5131|0.5968|0.2836|0.5983|0.5753|0.7636|0.2215|0.7777|0.6472|0.9085|0.2715|0.9161|0.6161|0.9322|0.3112|0.9371|0.7036|0.9841|0.1974|1.0|
0.4505|0.16|0.4649|0.1501|0.4737|0.1521|0.4826|0.1537|0.4401|0.1466|0.4306|0.1465|0.4217|0.1465|0.496|0.1689|0.3961|0.164|0.4613|0.1811|0.4291|0.1772|0.5853|0.2544|0.3111|0.2552|0.7874|0.1921|0.1568|0.1628|0.9496|0.0901|0.0404|0.0334|1.0|0.061|0.0|0.0011|0.9857|0.0533|0.0171|0.0|0.9742|0.0621|0.0271|0.0111|0.5602|0.5778|0.3816|0.5881|0.5904|0.7799|0.3087|0.7654|0.6378|0.881|0.3275|0.9217|0.6301|0.8951|0.3536|0.9432|0.6563|0.9527|0.2761|1.0|
0.4413|0.1377|0.454|0.1279|0.4626|0.1296|0.4729|0.131|0.4284|0.123|0.4188|0.1244|0.409|0.1243|0.4861|0.143|0.3916|0.1392|0.4554|0.1592|0.422|0.1549|0.5786|0.2332|0.3175|0.2299|0.7743|0.1831|0.1339|0.1509|0.9531|0.084|0.0325|0.0371|1.0|0.0565|0.0|0.008|0.9991|0.0383|0.0078|0.0|0.977|0.0565|0.0229|0.0129|0.5444|0.5641|0.376|0.5666|0.5603|0.7507|0.2777|0.7666|0.6203|0.8814|0.2966|0.9182|0.6126|0.9056|0.3169|0.94|0.6479|0.944|0.2314|1.0|
0.5026|0.0182|0.5146|0.0025|0.5252|0.0024|0.5361|0.0022|0.4836|0.0034|0.4735|0.0043|0.4622|0.0056|0.5531|0.0177|0.4512|0.023|0.5217|0.0377|0.4862|0.0376|0.6532|0.132|0.3684|0.1488|0.8653|0.165|0.1703|0.1781|0.9636|0.132|0.0388|0.0512|1.0|0.1224|0.0|0.0143|0.9919|0.1155|0.024|0.0|0.9648|0.1186|0.0315|0.0087|0.6044|0.5068|0.4342|0.4964|0.6013|0.7234|0.3586|0.7313|0.6135|0.8898|0.3337|0.9209|0.6|0.9212|0.3419|0.9446|0.661|0.977|0.2521|1.0|
0.4777|0.0217|0.4908|0.0001|0.5008|0.0|0.5098|0.0|0.4554|0.0013|0.4422|0.0024|0.4308|0.0038|0.5218|0.0101|0.4149|0.0154|0.4999|0.0445|0.4574|0.048|0.6259|0.1338|0.3435|0.1411|0.829|0.2341|0.2002|0.2614|0.946|0.2505|0.0443|0.2316|1.0|0.2836|0.0|0.2129|0.959|0.2574|0.0004|0.1967|0.9473|0.2572|0.0214|0.2088|0.5675|0.4999|0.3969|0.485|0.5662|0.7195|0.3315|0.7129|0.5582|0.9007|0.288|0.9182|0.5298|0.9293|0.3146|0.9508|0.598|0.9878|0.1913|1.0|
0.5157|0.0198|0.5338|0.0009|0.5489|0.0019|0.5619|0.0031|0.4893|0.0|0.475|0.0003|0.4601|0.0009|0.576|0.0186|0.4378|0.0152|0.5446|0.0423|0.4878|0.0405|0.6966|0.1496|0.333|0.1481|0.8116|0.2906|0.2266|0.2986|0.9577|0.426|0.0561|0.3956|1.0|0.4689|0.0|0.4344|0.977|0.4723|0.0133|0.4375|0.9589|0.4557|0.0347|0.4226|0.6155|0.4947|0.4021|0.4873|0.6347|0.7177|0.3501|0.7046|0.6119|0.9053|0.3387|0.9063|0.5788|0.9317|0.3748|0.9357|0.6719|1.0|0.2566|0.9953|
0.5499|0.0184|0.5773|0.0013|0.5978|0.0028|0.6144|0.0042|0.511|0.0|0.4893|0.0008|0.4678|0.0019|0.6385|0.02|0.4302|0.0177|0.5877|0.046|0.5034|0.0446|0.7907|0.152|0.2523|0.1457|0.8677|0.3241|0.1325|0.2999|0.9636|0.4641|0.0481|0.4311|1.0|0.5089|0.0|0.4786|0.9615|0.5119|0.0418|0.4838|0.9365|0.4989|0.0711|0.469|0.683|0.4786|0.3705|0.4723|0.7092|0.7235|0.341|0.7103|0.67|0.9158|0.3055|0.8923|0.631|0.9418|0.3557|0.9239|0.7645|1.0|0.193|0.9747|
0.5345|0.0177|0.5605|0.0005|0.5805|0.0015|0.6007|0.0026|0.4997|0.0|0.476|0.0007|0.4547|0.0015|0.621|0.0169|0.4149|0.0174|0.5704|0.0448|0.4874|0.0439|0.7736|0.1414|0.253|0.1451|0.8811|0.3067|0.1386|0.3002|0.9656|0.4467|0.0394|0.4242|1.0|0.4882|0.0|0.4694|0.9602|0.4906|0.0357|0.4733|0.9429|0.4778|0.0556|0.4589|0.6696|0.4756|0.3651|0.467|0.675|0.716|0.3364|0.7109|0.685|0.9173|0.3202|0.9037|0.6523|0.9418|0.3696|0.938|0.7621|1.0|0.2099|0.9805|
0.5266|0.0182|0.5555|0.0008|0.5763|0.002|0.5964|0.0031|0.4949|0.0|0.4727|0.0006|0.4524|0.0015|0.6195|0.0172|0.4168|0.0168|0.5647|0.0457|0.4819|0.0443|0.7686|0.139|0.2627|0.1457|0.8801|0.299|0.1502|0.301|0.9627|0.4392|0.0448|0.4257|1.0|0.4799|0.0|0.4748|0.9698|0.4828|0.0345|0.4784|0.9453|0.4676|0.055|0.4623|0.6646|0.4757|0.3719|0.4712|0.6658|0.7133|0.3305|0.7067|0.6874|0.9196|0.3272|0.8996|0.6482|0.9428|0.3788|0.9354|0.7612|1.0|0.211|0.9779|
0.5246|0.0192|0.5526|0.0|0.5729|0.0006|0.5923|0.0014|0.4916|0.0002|0.469|0.001|0.4485|0.0014|0.6141|0.014|0.4134|0.0155|0.5607|0.0454|0.4799|0.0454|0.7641|0.1362|0.2573|0.1456|0.8848|0.2977|0.1545|0.3019|0.9615|0.4375|0.0464|0.4234|1.0|0.4789|0.0|0.4699|0.9607|0.4818|0.0341|0.4746|0.9422|0.4659|0.055|0.4607|0.6809|0.476|0.3752|0.4734|0.6784|0.7149|0.326|0.708|0.6992|0.9202|0.3465|0.9006|0.6581|0.9423|0.3999|0.9287|0.7653|1.0|0.2149|0.9779|
0.5159|0.0186|0.5447|0.0001|0.5659|0.0009|0.5851|0.0012|0.4831|0.0|0.4606|0.0008|0.4396|0.0016|0.6087|0.0151|0.4035|0.0164|0.5538|0.0452|0.4702|0.0452|0.7625|0.1353|0.2517|0.1466|0.8801|0.2964|0.1446|0.2983|0.9593|0.4375|0.0442|0.4241|1.0|0.4806|0.0|0.4722|0.9608|0.4838|0.024|0.4764|0.9428|0.4678|0.0536|0.4624|0.6834|0.4749|0.3768|0.469|0.681|0.7166|0.3337|0.7084|0.691|0.9194|0.3349|0.9022|0.6603|0.9424|0.3897|0.9373|0.768|1.0|0.2071|0.9795|
0.5226|0.0197|0.5481|0.0|0.5692|0.0006|0.5878|0.0012|0.4862|0.0006|0.4642|0.0016|0.4429|0.0026|0.6075|0.0136|0.406|0.0168|0.5605|0.0454|0.4799|0.0461|0.7661|0.1375|0.2502|0.1456|0.8817|0.2985|0.1474|0.2987|0.9618|0.4405|0.0458|0.4257|1.0|0.4833|0.0|0.4728|0.9607|0.4866|0.0372|0.4775|0.9438|0.4702|0.0567|0.4636|0.6805|0.4753|0.373|0.468|0.6863|0.7152|0.3364|0.7104|0.6885|0.9203|0.3339|0.9013|0.6562|0.9446|0.3877|0.9319|0.7771|1.0|0.2208|0.9781|
0.5149|0.0201|0.5441|0.0|0.5662|0.0007|0.585|0.0013|0.4804|0.0004|0.4585|0.0014|0.437|0.0023|0.6085|0.0134|0.4041|0.0158|0.5535|0.0463|0.4722|0.0464|0.7638|0.1367|0.2493|0.1449|0.8868|0.2976|0.152|0.2967|0.9637|0.441|0.0458|0.4248|1.0|0.4845|0.0|0.4717|0.9607|0.4882|0.0356|0.4764|0.9428|0.4748|0.0548|0.4622|0.6801|0.4737|0.3721|0.4678|0.691|0.7119|0.3131|0.7031|0.6916|0.9169|0.3366|0.8995|0.6593|0.9417|0.3907|0.9301|0.7781|1.0|0.217|0.9788|
0.5157|0.0201|0.5475|0.0001|0.5701|0.001|0.5888|0.0018|0.4834|0.0|0.4618|0.0008|0.4411|0.0016|0.6149|0.0143|0.4095|0.0151|0.554|0.047|0.4733|0.0462|0.7633|0.1374|0.2506|0.1442|0.8837|0.2959|0.1526|0.2965|0.9625|0.4403|0.0451|0.425|1.0|0.4833|0.0|0.4722|0.966|0.4866|0.0373|0.4768|0.9411|0.4725|0.0664|0.4625|0.6786|0.474|0.3724|0.4677|0.6864|0.7089|0.3125|0.7011|0.691|0.9173|0.341|0.8986|0.657|0.9418|0.396|0.9288|0.7748|1.0|0.215|0.978|
0.5254|0.02|0.5559|0.0009|0.5775|0.002|0.5949|0.0031|0.4909|0.0|0.4708|0.0007|0.45|0.0016|0.6197|0.0162|0.4181|0.0156|0.5628|0.0474|0.4819|0.0463|0.7727|0.14|0.2563|0.1454|0.8874|0.2984|0.1518|0.3018|0.9677|0.4431|0.0445|0.4239|1.0|0.4862|0.0|0.4723|0.9668|0.4892|0.0373|0.4771|0.9425|0.4753|0.067|0.4623|0.6748|0.4766|0.3704|0.4698|0.6797|0.7119|0.3094|0.7097|0.6889|0.9173|0.3396|0.9018|0.6545|0.9422|0.3934|0.9314|0.7738|1.0|0.215|0.9797|
END
