START
0.4331|0.0214|0.4646|0.0004|0.4847|0.0009|0.5012|0.0016|0.4|0.0|0.3775|0.0004|0.3546|0.0008|0.5209|0.0134|0.3206|0.012|0.4651|0.0469|0.3853|0.0472|0.6861|0.1512|0.184|0.1444|0.8334|0.294|0.1015|0.3013|0.9574|0.4213|0.0375|0.4461|1.0|0.4592|0.0|0.4912|0.9656|0.4631|0.0507|0.4937|0.9387|0.4493|0.0761|0.478|0.6389|0.4657|0.341|0.4649|0.6943|0.702|0.3673|0.7086|0.7299|0.9216|0.3831|0.9177|0.697|0.9461|0.4381|0.9468|0.8482|0.9959|0.2949|1.0|
0.4408|0.0213|0.4723|0.0007|0.4925|0.0013|0.5093|0.0021|0.4074|0.0|0.3843|0.0003|0.3608|0.0007|0.5277|0.0143|0.3248|0.0122|0.4717|0.0464|0.3911|0.0467|0.6825|0.1542|0.1855|0.1457|0.8415|0.3014|0.1017|0.303|0.96|0.4255|0.039|0.4471|1.0|0.4624|0.0|0.4919|0.9666|0.4665|0.0518|0.4942|0.9418|0.4529|0.0691|0.4784|0.6508|0.4672|0.3537|0.4713|0.7048|0.7018|0.374|0.7081|0.7414|0.9204|0.3898|0.9172|0.7091|0.945|0.4459|0.9467|0.8576|0.995|0.2932|1.0|
0.4458|0.0216|0.4799|0.0011|0.4988|0.002|0.5157|0.0029|0.4131|0.0|0.3889|0.0001|0.3663|0.0005|0.54|0.0145|0.3296|0.0121|0.4798|0.0474|0.3941|0.0474|0.6936|0.1517|0.1843|0.1468|0.8385|0.2995|0.0934|0.3066|0.9551|0.4204|0.0416|0.4455|1.0|0.4588|0.0|0.4902|0.9654|0.4626|0.0525|0.4931|0.939|0.4485|0.0708|0.4774|0.6613|0.4662|0.3573|0.4711|0.7163|0.7034|0.3788|0.7092|0.758|0.9203|0.3964|0.9171|0.7212|0.9475|0.4526|0.9467|0.8699|0.9951|0.295|1.0|
0.4343|0.0219|0.4677|0.0007|0.4883|0.0013|0.506|0.002|0.4017|0.0|0.3789|0.0003|0.3566|0.0007|0.5279|0.0141|0.3241|0.0122|0.4693|0.0471|0.3856|0.0473|0.6915|0.1529|0.1871|0.1492|0.8367|0.3013|0.1013|0.3174|0.9538|0.4206|0.0381|0.4574|1.0|0.4588|0.0|0.5012|0.9624|0.463|0.0371|0.5031|0.9388|0.4488|0.0681|0.4904|0.6661|0.4677|0.3733|0.4712|0.7166|0.7032|0.3852|0.7067|0.76|0.9216|0.4018|0.9168|0.7286|0.9481|0.4364|0.9409|0.8803|0.9951|0.3066|1.0|
0.4333|0.0222|0.4655|0.0012|0.485|0.0018|0.5021|0.0025|0.4002|0.0|0.3765|0.0001|0.3536|0.0003|0.5216|0.0148|0.3178|0.0118|0.4666|0.0476|0.3824|0.0478|0.6908|0.154|0.171|0.1498|0.8392|0.3033|0.0938|0.3188|0.9536|0.4221|0.0366|0.4595|1.0|0.4606|0.0|0.5058|0.9619|0.4649|0.0506|0.5069|0.9383|0.451|0.0682|0.4928|0.674|0.4659|0.3765|0.4718|0.7202|0.7032|0.3884|0.7079|0.7631|0.9217|0.4037|0.9172|0.7305|0.9492|0.4368|0.9401|0.8908|0.9933|0.3087|1.0|
0.4297|0.0219|0.4627|0.0013|0.4818|0.0021|0.4987|0.0028|0.3963|0.0|0.3717|0.0|0.3483|0.0001|0.5174|0.0148|0.311|0.011|0.4626|0.0472|0.3764|0.0472|0.6844|0.1564|0.1676|0.1472|0.8384|0.304|0.0826|0.3099|0.9556|0.4238|0.0346|0.4592|1.0|0.4621|0.0|0.5051|0.9593|0.4662|0.038|0.5069|0.9309|0.4523|0.0685|0.4932|0.6688|0.4617|0.3596|0.4675|0.7185|0.7042|0.3918|0.7088|0.7723|0.9226|0.406|0.9148|0.741|0.9498|0.4384|0.9381|0.8914|0.9962|0.3154|1.0|
0.4236|0.0222|0.4593|0.0004|0.4799|0.001|0.4979|0.0018|0.3911|0.0|0.367|0.0003|0.3437|0.0007|0.5264|0.0148|0.3112|0.0125|0.4598|0.0475|0.3739|0.0479|0.6972|0.1565|0.1793|0.1487|0.8569|0.302|0.0957|0.3094|0.9567|0.4197|0.0353|0.4562|1.0|0.459|0.0|0.5035|0.9653|0.4625|0.039|0.5056|0.9364|0.4488|0.0694|0.4914|0.6728|0.4673|0.3576|0.4667|0.731|0.7021|0.395|0.705|0.7812|0.9199|0.419|0.9161|0.7461|0.9476|0.4591|0.9443|0.8991|0.9942|0.3247|1.0|
0.4711|0.0217|0.5076|0.0005|0.5295|0.0011|0.5489|0.0018|0.4335|0.0|0.4072|0.0002|0.382|0.0005|0.5695|0.0143|0.3432|0.0117|0.5081|0.047|0.4147|0.0471|0.743|0.1553|0.1859|0.1484|0.9311|0.2812|0.1004|0.3072|0.9539|0.3871|0.0385|0.4507|0.9905|0.4254|0.0|0.498|0.9381|0.4222|0.0427|0.4989|0.9165|0.4065|0.075|0.4809|0.7261|0.469|0.3865|0.4741|0.7985|0.6979|0.4184|0.7009|0.8662|0.9204|0.463|0.9168|0.834|0.9447|0.5076|0.9406|1.0|0.9928|0.327|1.0|
0.5135|0.0217|0.5483|0.0038|0.5693|0.0052|0.5907|0.0066|0.476|0.0005|0.4476|0.0001|0.4211|0.0|0.6046|0.0195|0.3715|0.0103|0.5469|0.0486|0.4427|0.0465|0.7416|0.1595|0.1782|0.1437|0.9435|0.3012|0.0832|0.306|0.7991|0.25|0.038|0.4489|0.7746|0.2439|0.0|0.4981|0.7642|0.2263|0.0631|0.4979|0.7688|0.2287|0.0916|0.4806|0.7314|0.4715|0.3859|0.4718|0.8143|0.6983|0.4259|0.7044|0.8598|0.916|0.4754|0.9153|0.8152|0.9442|0.5145|0.9421|1.0|0.9925|0.3647|1.0|
0.6183|0.0287|0.64|0.011|0.658|0.0125|0.6735|0.0138|0.5728|0.0047|0.5447|0.0023|0.5129|0.0|0.6426|0.0205|0.4288|0.0063|0.626|0.0528|0.5387|0.0471|0.7628|0.1468|0.1503|0.1361|1.0|0.2597|0.0282|0.2924|0.8136|0.2418|0.0348|0.4414|0.8048|0.2761|0.0|0.4919|0.7923|0.2649|0.0758|0.4915|0.7813|0.2642|0.1082|0.475|0.7835|0.4598|0.4035|0.4704|0.89|0.6863|0.4051|0.6995|0.8606|0.8947|0.4962|0.9075|0.8145|0.9175|0.5591|0.9288|0.9994|0.9807|0.3695|1.0|
0.5809|0.0316|0.6084|0.014|0.6199|0.0159|0.6307|0.0176|0.5469|0.0024|0.5171|0.001|0.4958|0.0|0.5986|0.0261|0.4276|0.0134|0.5726|0.0528|0.4913|0.0422|0.7446|0.1412|0.1282|0.1351|1.0|0.2473|0.0|0.285|0.7272|0.1287|0.0343|0.4238|0.6318|0.0988|0.0261|0.4695|0.6119|0.0834|0.1044|0.4696|0.614|0.101|0.1144|0.4518|0.7691|0.4462|0.3832|0.4589|0.8777|0.6802|0.3774|0.6903|0.8242|0.9098|0.4673|0.8936|0.7818|0.9332|0.5324|0.9119|0.935|1.0|0.3424|0.978|
0.5017|0.0196|0.5456|0.0062|0.5669|0.0084|0.5923|0.0104|0.4794|0.0|0.4588|0.0003|0.4345|0.001|0.6005|0.0225|0.406|0.0144|0.5393|0.0475|0.4507|0.0421|0.7794|0.141|0.1748|0.1354|1.0|0.2474|0.0|0.2797|0.7352|0.1089|0.0648|0.4049|0.6577|0.0768|0.0473|0.4485|0.6375|0.0645|0.1286|0.446|0.6378|0.071|0.1468|0.4332|0.7567|0.437|0.4012|0.4431|0.8128|0.6819|0.3694|0.6477|0.9205|0.9151|0.53|0.822|0.9101|0.9333|0.5944|0.8389|0.8767|1.0|0.3357|0.9085|
0.5443|0.0215|0.5793|0.0083|0.6085|0.0105|0.6265|0.0122|0.5038|0.0001|0.4816|0.0|0.4601|0.0003|0.6258|0.0225|0.4293|0.0133|0.5791|0.0515|0.4824|0.0429|0.7772|0.1399|0.1742|0.1413|1.0|0.2386|0.0|0.2914|0.6827|0.1095|0.0431|0.4261|0.6158|0.0717|0.0292|0.4693|0.603|0.0596|0.111|0.4652|0.6028|0.0731|0.1293|0.4485|0.7585|0.4529|0.396|0.453|0.7928|0.7046|0.3752|0.6545|0.9056|0.9099|0.5351|0.824|0.9124|0.9515|0.5911|0.8404|0.8212|1.0|0.3385|0.9058|
0.55|0.0292|0.5974|0.0074|0.6279|0.0088|0.6441|0.0093|0.5246|0.0032|0.5017|0.0016|0.4714|0.0|0.657|0.0207|0.4529|0.0079|0.596|0.0533|0.4928|0.0488|0.8321|0.1294|0.2028|0.1361|1.0|0.2276|0.0732|0.2889|0.6974|0.1076|0.0422|0.4206|0.5908|0.0746|0.0|0.4615|0.5849|0.0592|0.0705|0.4603|0.5845|0.0751|0.1027|0.4454|0.7802|0.4444|0.4029|0.4481|0.7801|0.7048|0.3525|0.654|0.7895|0.9038|0.4868|0.8009|0.7792|0.9244|0.5231|0.8117|0.765|1.0|0.3711|0.8949|
0.5689|0.0342|0.6036|0.0118|0.6185|0.013|0.6323|0.014|0.5257|0.0068|0.5089|0.0059|0.4851|0.0|0.6553|0.026|0.4637|0.0152|0.593|0.0574|0.5178|0.0546|0.8118|0.1278|0.2422|0.1385|1.0|0.2492|0.1251|0.2958|0.7369|0.1389|0.0455|0.4305|0.6697|0.0997|0.0|0.4657|0.6582|0.0812|0.0471|0.4673|0.6601|0.0975|0.0756|0.4514|0.7512|0.4586|0.3925|0.4519|0.7401|0.7126|0.2924|0.677|0.7531|0.912|0.4293|0.811|0.736|0.9308|0.4807|0.8094|0.677|1.0|0.3369|0.9034|
0.5429|0.0323|0.5611|0.0075|0.5873|0.0086|0.6032|0.0093|0.4996|0.0057|0.4741|0.0|0.4428|0.0|0.6109|0.0156|0.4128|0.0085|0.5687|0.0535|0.4932|0.0539|0.8015|0.1193|0.2428|0.1402|1.0|0.2646|0.1475|0.3119|0.7317|0.1397|0.0432|0.4298|0.667|0.1125|0.0|0.4679|0.6521|0.0828|0.0207|0.4607|0.6531|0.096|0.0503|0.4534|0.7393|0.4511|0.3878|0.4496|0.7483|0.7164|0.2913|0.6716|0.7365|0.8912|0.4314|0.8424|0.7282|0.9068|0.4758|0.8469|0.7246|1.0|0.3583|0.9286|
0.5086|0.0209|0.5398|0.0|0.5574|0.0003|0.5726|0.0004|0.4695|0.0003|0.4515|0.0013|0.4213|0.0024|0.5935|0.0148|0.3991|0.0124|0.5487|0.0455|0.4665|0.0458|0.7739|0.1302|0.2424|0.1414|1.0|0.273|0.1451|0.3162|0.751|0.1511|0.0402|0.4397|0.659|0.1243|0.0|0.4821|0.6405|0.0961|0.0245|0.4762|0.6424|0.1099|0.0535|0.4668|0.7031|0.4653|0.363|0.4597|0.6989|0.7159|0.3093|0.694|0.7024|0.8979|0.4021|0.8903|0.6979|0.9124|0.4464|0.9046|0.6902|1.0|0.3589|0.972|
0.4122|0.0231|0.4384|0.0|0.4682|0.0006|0.4855|0.001|0.3767|0.001|0.3483|0.0014|0.3335|0.0017|0.5153|0.0095|0.3299|0.0103|0.4695|0.0466|0.3797|0.0464|0.7429|0.1384|0.1996|0.1512|1.0|0.2811|0.0971|0.3305|0.7266|0.153|0.0377|0.4606|0.6259|0.1212|0.0|0.504|0.616|0.1052|0.0404|0.5035|0.6166|0.1079|0.0643|0.4939|0.7053|0.4779|0.3632|0.4783|0.7105|0.7197|0.3549|0.7313|0.6724|0.9012|0.3514|0.8807|0.6485|0.9167|0.3408|0.9371|0.6587|0.9898|0.3061|1.0|
0.3888|0.0239|0.4239|0.0003|0.4432|0.0|0.4714|0.0002|0.3599|0.004|0.3332|0.0059|0.3161|0.0071|0.4957|0.0099|0.2944|0.0174|0.441|0.0474|0.3679|0.0505|0.7072|0.1426|0.1851|0.1534|1.0|0.2632|0.0879|0.3248|0.6981|0.1583|0.0386|0.4544|0.6019|0.1401|0.0|0.4957|0.5633|0.1156|0.0393|0.4948|0.5649|0.1275|0.0657|0.4812|0.6845|0.4768|0.3526|0.4791|0.7193|0.7175|0.3394|0.7272|0.6934|0.8978|0.344|0.9123|0.6563|0.9191|0.3534|0.9348|0.6816|1.0|0.3257|0.9967|
0.352|0.027|0.3828|0.003|0.4166|0.0012|0.4337|0.0|0.3222|0.0065|0.2912|0.0081|0.2752|0.0087|0.4674|0.0045|0.2395|0.0158|0.4081|0.0485|0.3383|0.0506|0.7102|0.154|0.102|0.1748|1.0|0.2981|0.0744|0.3776|0.7076|0.1727|0.0355|0.5116|0.6192|0.1466|0.0|0.553|0.6137|0.1294|0.011|0.5424|0.6111|0.1344|0.0372|0.5345|0.6532|0.5206|0.2859|0.5225|0.7158|0.7459|0.2772|0.7652|0.6442|0.845|0.2586|0.8883|0.5915|0.8464|0.2527|0.9195|0.7034|0.9578|0.2354|1.0|
0.3572|0.026|0.3657|0.0027|0.4008|0.0012|0.4143|0.0|0.3117|0.0054|0.3001|0.0061|0.2685|0.007|0.4588|0.0137|0.267|0.0227|0.4179|0.0608|0.3285|0.0643|0.6929|0.1594|0.1784|0.1735|1.0|0.299|0.1363|0.3731|0.7018|0.1971|0.0483|0.518|0.606|0.1742|0.0|0.564|0.6037|0.1359|0.0157|0.5651|0.6048|0.154|0.0499|0.5442|0.6593|0.5298|0.3228|0.5226|0.6826|0.7639|0.2961|0.7749|0.6267|0.8661|0.2756|0.8976|0.5773|0.8836|0.3043|0.9163|0.6172|0.9943|0.2869|1.0|
0.371|0.0283|0.3825|0.0021|0.4242|0.0002|0.44|0.0|0.3254|0.0044|0.313|0.0047|0.2867|0.0056|0.4948|0.0072|0.2835|0.0141|0.4367|0.0528|0.3442|0.0558|0.7405|0.1467|0.1843|0.1618|1.0|0.3135|0.1123|0.352|0.7759|0.2867|0.0371|0.4932|0.7158|0.2917|0.0|0.5401|0.6609|0.2544|0.0205|0.5454|0.6694|0.2671|0.0462|0.5221|0.6554|0.5096|0.3203|0.5122|0.6723|0.7525|0.2992|0.7491|0.661|0.8799|0.3655|0.8695|0.6289|0.8992|0.3806|0.8863|0.6712|0.9911|0.3319|1.0|
0.368|0.0301|0.401|0.0|0.412|0.0|0.4518|0.0007|0.3445|0.0025|0.3114|0.0042|0.3014|0.0059|0.4946|0.0199|0.3062|0.0269|0.4377|0.0534|0.3633|0.0576|0.7304|0.1532|0.1999|0.1609|1.0|0.3333|0.1529|0.348|0.8622|0.2493|0.0499|0.487|0.8397|0.2576|0.0|0.5199|0.8133|0.223|0.0136|0.5216|0.7752|0.2247|0.0428|0.5127|0.6338|0.4913|0.3145|0.4953|0.6377|0.7238|0.3314|0.7284|0.5644|0.8481|0.3104|0.9094|0.5532|0.8476|0.312|0.9284|0.56|0.9617|0.3012|1.0|
0.4239|0.0243|0.4257|0.0|0.4612|0.0005|0.4721|0.0011|0.3766|0.0031|0.3669|0.0053|0.3362|0.0082|0.5084|0.0173|0.3328|0.0254|0.4781|0.0496|0.3897|0.0535|0.7357|0.1656|0.2444|0.1796|0.9102|0.3184|0.1831|0.3529|0.9899|0.3846|0.0545|0.5108|1.0|0.4009|0.0|0.5489|0.9839|0.3896|0.0134|0.5497|0.9527|0.3878|0.0457|0.5344|0.6494|0.5072|0.3303|0.514|0.65|0.7502|0.3483|0.7575|0.5978|0.8737|0.3708|0.9059|0.5857|0.8802|0.3759|0.9158|0.5945|0.9678|0.3643|1.0|
0.3311|0.0359|0.3373|0.0022|0.376|0.0013|0.3891|0.0|0.284|0.0169|0.273|0.0193|0.2446|0.0105|0.431|0.02|0.2491|0.033|0.3881|0.0599|0.3022|0.0643|0.6286|0.154|0.1835|0.173|0.7603|0.3174|0.1498|0.3516|0.9409|0.4282|0.0502|0.5038|1.0|0.4535|0.0|0.545|0.9945|0.4504|0.0266|0.5462|0.9498|0.4435|0.0416|0.5307|0.5386|0.479|0.268|0.4886|0.4912|0.7455|0.2545|0.7337|0.4725|0.8837|0.2835|0.915|0.4743|0.8914|0.306|0.934|0.4062|0.9739|0.2236|1.0|
0.3356|0.0237|0.3701|0.0003|0.378|0.0|0.4192|0.0008|0.3183|0.0036|0.2838|0.0056|0.2749|0.0077|0.4279|0.0095|0.251|0.0167|0.3868|0.0459|0.2993|0.0502|0.6158|0.1303|0.1561|0.164|0.7862|0.2841|0.121|0.3197|0.9507|0.4284|0.0585|0.4618|1.0|0.4709|0.0|0.51|0.9519|0.4748|0.0139|0.5115|0.9055|0.453|0.0466|0.5021|0.5536|0.4773|0.264|0.4842|0.4936|0.7211|0.2343|0.7236|0.476|0.8762|0.269|0.9084|0.4631|0.8852|0.2787|0.924|0.4526|0.9706|0.2492|1.0|
0.294|0.0274|0.3033|0.0013|0.3117|0.0004|0.346|0.0|0.2556|0.0061|0.247|0.0081|0.217|0.011|0.3573|0.0056|0.2119|0.0178|0.316|0.0487|0.2596|0.0523|0.5658|0.1063|0.1285|0.1387|0.7397|0.2633|0.0986|0.3205|0.9373|0.4447|0.0507|0.4704|1.0|0.4904|0.0|0.5247|0.9808|0.4959|0.0147|0.5261|0.9305|0.4824|0.0495|0.5027|0.5263|0.4675|0.2434|0.4797|0.5512|0.7191|0.2926|0.7151|0.5205|0.8104|0.3466|0.8994|0.5164|0.808|0.3597|0.9137|0.5366|0.9455|0.3435|1.0|
0.4595|0.0785|0.4797|0.0325|0.502|0.0262|0.5243|0.0208|0.3686|0.0299|0.3626|0.03|0.3201|0.0309|0.5495|0.0|0.3158|0.0328|0.4731|0.0787|0.3853|0.081|0.6916|0.039|0.1701|0.0955|1.0|0.0893|0.1678|0.2069|0.9307|0.2116|0.0838|0.3447|0.928|0.2409|0.0|0.3812|0.8761|0.2351|0.0409|0.3852|0.8591|0.231|0.0808|0.3514|0.6269|0.3621|0.3857|0.3997|0.6788|0.6673|0.3945|0.6684|0.6689|0.8149|0.4902|0.883|0.6602|0.8236|0.5087|0.9043|0.6587|0.9354|0.4828|1.0|
0.554|0.0764|0.5771|0.0323|0.599|0.0267|0.623|0.0219|0.5153|0.04|0.4884|0.0403|0.4606|0.041|0.6413|0.0|0.4138|0.0252|0.5397|0.0847|0.5067|0.0889|0.788|0.0007|0.2116|0.0775|1.0|0.0706|0.1663|0.2036|0.867|0.1951|0.0698|0.3741|0.8368|0.2242|0.0|0.4148|0.8185|0.2284|0.0162|0.4147|0.8094|0.222|0.0648|0.403|0.7261|0.3671|0.4325|0.4057|0.7692|0.6633|0.4608|0.689|0.7478|0.8299|0.5299|0.8814|0.7386|0.8404|0.5558|0.8989|0.7214|0.9468|0.5231|1.0|
0.5364|0.074|0.5565|0.0394|0.5742|0.0366|0.5901|0.033|0.5101|0.0398|0.4915|0.0376|0.471|0.0347|0.603|0.0043|0.4278|0.0077|0.5543|0.0721|0.4929|0.0719|0.7283|0.0|0.2284|0.0172|0.9065|0.1276|0.1934|0.1805|0.9347|0.3284|0.06|0.3617|1.0|0.4028|0.0|0.4156|0.9563|0.4087|0.0057|0.4144|0.9145|0.383|0.0542|0.3849|0.6771|0.2985|0.4152|0.3346|0.7052|0.6383|0.424|0.6694|0.6762|0.7938|0.4563|0.873|0.6738|0.7984|0.4796|0.8907|0.6608|0.924|0.4179|1.0|
0.4672|0.0715|0.4857|0.0326|0.5028|0.0301|0.5165|0.0269|0.4476|0.033|0.4313|0.0308|0.4133|0.0281|0.5371|0.0|0.3878|0.0008|0.4897|0.0729|0.4371|0.0724|0.6735|0.0243|0.2202|0.0118|0.8796|0.1543|0.1494|0.189|0.9569|0.3642|0.0672|0.366|1.0|0.4184|0.0|0.4162|0.9651|0.4187|0.0398|0.4109|0.9322|0.4039|0.0573|0.3907|0.6138|0.3489|0.3909|0.3565|0.6447|0.6642|0.4254|0.6786|0.6301|0.8405|0.4465|0.8947|0.6314|0.8478|0.4566|0.9202|0.604|0.9615|0.4176|1.0|
0.4994|0.0636|0.5194|0.0332|0.533|0.0321|0.5466|0.0307|0.4798|0.032|0.4637|0.03|0.4456|0.028|0.5016|0.0|0.4123|0.0182|0.5103|0.052|0.4516|0.0522|0.6825|0.07|0.2078|0.0913|0.8923|0.2005|0.1729|0.2382|0.9585|0.3102|0.0542|0.3756|1.0|0.3432|0.0|0.4123|0.9786|0.3449|0.0423|0.4046|0.9474|0.3355|0.0543|0.3994|0.6293|0.4235|0.3938|0.4378|0.6967|0.7083|0.4351|0.7002|0.6642|0.8747|0.4629|0.9155|0.6548|0.888|0.4735|0.9413|0.6635|0.9674|0.4557|1.0|
0.6162|0.0621|0.6407|0.0356|0.6156|0.0175|0.6159|0.0173|0.6018|0.0319|0.5857|0.0292|0.5495|0.0|0.6089|0.0191|0.5036|0.0027|0.6111|0.064|0.5581|0.0455|0.7715|0.1125|0.2996|0.1149|0.9353|0.2289|0.2135|0.2325|0.968|0.3314|0.0536|0.321|1.0|0.3622|0.0|0.3523|0.9765|0.3563|0.0072|0.3471|0.9491|0.3472|0.0393|0.3385|0.6692|0.4622|0.4093|0.4512|0.7289|0.7233|0.4773|0.7123|0.6805|0.8885|0.4836|0.9207|0.6598|0.904|0.4855|0.9487|0.6948|0.9713|0.4974|1.0|
0.5884|0.0696|0.6173|0.0398|0.6332|0.0392|0.647|0.0378|0.5751|0.0378|0.5568|0.0353|0.5406|0.0325|0.6133|0.0|0.5092|0.0193|0.6035|0.0803|0.4997|0.0535|0.7835|0.0703|0.2942|0.067|0.9772|0.1722|0.1196|0.1521|0.9837|0.2374|0.0316|0.2183|1.0|0.2598|0.0|0.2407|0.9774|0.2539|0.0156|0.2373|0.9529|0.2488|0.0392|0.233|0.6712|0.4292|0.41|0.4129|0.7592|0.6869|0.4907|0.6896|0.7344|0.8505|0.5127|0.9087|0.7158|0.8633|0.5174|0.9344|0.7583|0.9446|0.5183|1.0|
0.4644|0.0429|0.495|0.0135|0.5141|0.0125|0.5331|0.0115|0.4479|0.0123|0.4264|0.0102|0.4069|0.0081|0.5493|0.0038|0.375|0.0|0.4852|0.0567|0.3846|0.0423|0.6801|0.0606|0.1657|0.0743|0.9085|0.1837|0.1154|0.2203|0.9674|0.2561|0.0712|0.3264|1.0|0.2794|0.0|0.3769|0.9822|0.273|0.0114|0.3764|0.9473|0.2664|0.0657|0.3519|0.6455|0.4393|0.3119|0.43|0.6782|0.711|0.3472|0.6979|0.6268|0.8706|0.3715|0.9114|0.6112|0.8827|0.3874|0.9371|0.6121|0.9621|0.3533|1.0|
0.4697|0.0238|0.4655|0.0004|0.5106|0.0002|0.5147|0.0|0.4533|0.0013|0.4484|0.0019|0.4011|0.0038|0.5206|0.0034|0.4161|0.0122|0.4804|0.0479|0.4185|0.0307|0.6649|0.0963|0.1979|0.1017|0.8076|0.2248|0.1824|0.2409|0.9459|0.2892|0.0791|0.3714|1.0|0.3108|0.0|0.4187|0.9851|0.3066|0.0444|0.4162|0.9437|0.3014|0.0601|0.4122|0.5606|0.4515|0.3047|0.4577|0.6196|0.7162|0.3539|0.7074|0.5786|0.89|0.3766|0.9193|0.5669|0.907|0.3918|0.9463|0.5691|0.9752|0.3613|1.0|
0.4005|0.0258|0.4413|0.022|0.447|0.0007|0.4472|0.0|0.4069|0.0207|0.3926|0.0186|0.3763|0.0168|0.4457|0.0012|0.3434|0.0102|0.4005|0.0495|0.3878|0.0498|0.5604|0.0765|0.1586|0.0857|0.7721|0.207|0.1168|0.2192|0.9368|0.3148|0.0558|0.3451|1.0|0.343|0.0|0.3911|0.9858|0.342|0.0083|0.3911|0.9448|0.335|0.0491|0.3863|0.5079|0.4461|0.3082|0.4477|0.5709|0.717|0.3359|0.7073|0.5398|0.9022|0.3509|0.9213|0.5336|0.9219|0.3657|0.9498|0.5377|0.9875|0.332|1.0|
0.412|0.0464|0.4295|0.0183|0.4395|0.0171|0.4516|0.0158|0.3969|0.0169|0.3825|0.0149|0.3661|0.0128|0.4322|0.0|0.3379|0.0042|0.3908|0.0459|0.3825|0.0461|0.6086|0.0721|0.1337|0.0814|0.7559|0.2019|0.1011|0.2058|0.9072|0.3382|0.0615|0.3151|1.0|0.3738|0.0|0.3495|0.9818|0.3741|0.0453|0.3493|0.9361|0.3638|0.0526|0.3451|0.4967|0.4392|0.2548|0.4433|0.5786|0.7104|0.3368|0.7061|0.5641|0.893|0.3536|0.9183|0.5577|0.9103|0.3645|0.9466|0.5687|0.9812|0.3393|1.0|
0.3949|0.0319|0.4168|0.0145|0.4305|0.0132|0.4404|0.0121|0.381|0.0135|0.3649|0.0116|0.3488|0.0094|0.4514|0.0029|0.3241|0.0|0.3986|0.0337|0.3399|0.0361|0.614|0.0646|0.1516|0.0723|0.7646|0.1902|0.1191|0.1987|0.9329|0.3166|0.056|0.3273|1.0|0.3529|0.0|0.3725|0.9781|0.3521|0.0429|0.3708|0.9353|0.341|0.0508|0.3523|0.5448|0.4252|0.3021|0.43|0.5824|0.7044|0.3277|0.6975|0.5415|0.8931|0.3345|0.9163|0.5276|0.9128|0.3461|0.944|0.5423|0.981|0.3199|1.0|
0.3621|0.0421|0.3891|0.0124|0.4072|0.011|0.4233|0.0093|0.3443|0.0127|0.3248|0.0116|0.3072|0.0098|0.4467|0.0|0.2838|0.0011|0.39|0.0542|0.3258|0.0542|0.6242|0.0648|0.092|0.075|0.8121|0.1842|0.0|0.1827|0.9444|0.3092|0.0099|0.2481|1.0|0.3476|0.0076|0.2793|0.9732|0.3447|0.0297|0.2686|0.9289|0.3328|0.0442|0.2617|0.5431|0.4202|0.2444|0.426|0.5939|0.6975|0.245|0.6801|0.5598|0.8884|0.3079|0.9117|0.5459|0.9079|0.3153|0.939|0.565|0.9817|0.2992|1.0|
0.4202|0.0446|0.4448|0.015|0.4607|0.0136|0.4766|0.0124|0.4046|0.0141|0.3873|0.0121|0.37|0.01|0.4915|0.0028|0.3418|0.0|0.4204|0.0374|0.3833|0.0554|0.6401|0.0648|0.1755|0.0782|0.8246|0.1893|0.0798|0.1738|0.9434|0.321|0.0646|0.2917|1.0|0.3595|0.0|0.3426|0.9739|0.3592|0.0059|0.3434|0.9305|0.3481|0.058|0.3171|0.5425|0.4306|0.2928|0.4211|0.5963|0.699|0.3311|0.6943|0.5663|0.8906|0.3443|0.9125|0.5545|0.9097|0.3575|0.9396|0.5631|0.9839|0.3244|1.0|
0.3855|0.0445|0.4043|0.0147|0.4203|0.013|0.4343|0.0113|0.3618|0.015|0.3474|0.0132|0.3269|0.0117|0.4451|0.0|0.2953|0.0008|0.4009|0.0552|0.3539|0.0318|0.5898|0.062|0.1308|0.0766|0.7363|0.2028|0.0921|0.212|0.9457|0.3456|0.0517|0.3313|0.9624|0.3919|0.0|0.3721|1.0|0.3936|0.0356|0.3579|0.9497|0.3798|0.0446|0.3537|0.525|0.4147|0.2492|0.4193|0.5621|0.704|0.2739|0.6923|0.5285|0.9016|0.3012|0.9168|0.5108|0.9238|0.3138|0.9465|0.5345|0.9877|0.2998|1.0|
0.4017|0.04|0.4196|0.0117|0.4368|0.0107|0.4496|0.0093|0.3806|0.0106|0.3631|0.009|0.3434|0.0069|0.4531|0.003|0.3058|0.0|0.4012|0.0267|0.3393|0.0285|0.5961|0.0807|0.1176|0.0972|0.7426|0.2081|0.0606|0.2336|0.9193|0.3388|0.0191|0.3563|1.0|0.3785|0.0|0.3964|0.9786|0.3803|0.0033|0.3828|0.9231|0.3681|0.0127|0.3793|0.4972|0.4383|0.2138|0.4437|0.5302|0.7095|0.2026|0.6724|0.4923|0.9033|0.2543|0.9173|0.482|0.9242|0.2689|0.9468|0.4844|0.994|0.2368|1.0|
0.4449|0.0485|0.4828|0.0162|0.5057|0.0145|0.5342|0.0132|0.4197|0.0155|0.3909|0.0134|0.3621|0.0114|0.5479|0.0027|0.3169|0.0|0.4715|0.0599|0.3796|0.0585|0.7371|0.0585|0.0593|0.0685|0.9776|0.1837|0.0|0.1854|0.9861|0.2933|0.0638|0.313|1.0|0.3299|0.0581|0.3428|0.8837|0.3221|0.052|0.3443|0.8786|0.2957|0.0571|0.3426|0.6445|0.4315|0.204|0.4354|0.6958|0.7065|0.2424|0.6994|0.6448|0.8846|0.3481|0.9069|0.6287|0.9009|0.3943|0.933|0.623|0.986|0.2885|1.0|
0.4276|0.053|0.4607|0.0252|0.4774|0.0245|0.4964|0.0236|0.4103|0.0237|0.3862|0.0219|0.3645|0.0201|0.4625|0.0|0.3183|0.0127|0.3907|0.0445|0.3161|0.0463|0.6607|0.077|0.1174|0.0859|0.8236|0.202|0.1136|0.2271|0.9159|0.3376|0.0194|0.3486|1.0|0.3886|0.0|0.3855|0.9202|0.392|0.0046|0.3826|0.9062|0.3845|0.0133|0.3673|0.5361|0.4285|0.233|0.4325|0.6026|0.7106|0.2737|0.6997|0.5907|0.9052|0.3127|0.9135|0.6047|0.9254|0.343|0.9417|0.5306|0.9997|0.2554|1.0|
0.402|0.0435|0.4295|0.0145|0.4448|0.0142|0.4651|0.013|0.3809|0.0129|0.3577|0.0108|0.337|0.0086|0.4643|0.0055|0.2901|0.0|0.343|0.0466|0.2702|0.048|0.5599|0.073|0.0623|0.0853|0.8122|0.2018|0.0619|0.2337|0.9394|0.3403|0.0078|0.3493|1.0|0.3819|0.0006|0.3723|0.9539|0.3808|0.0|0.3707|0.9067|0.3684|0.0459|0.3691|0.4929|0.4368|0.1846|0.4396|0.566|0.7125|0.2308|0.7051|0.5504|0.8993|0.272|0.9215|0.5498|0.9181|0.2904|0.9499|0.5394|0.9867|0.2473|1.0|
0.3562|0.047|0.3902|0.0146|0.4123|0.0131|0.4344|0.0112|0.3306|0.0143|0.3081|0.0122|0.2831|0.0099|0.4558|0.0016|0.2449|0.0|0.3847|0.0586|0.2715|0.0305|0.6291|0.0723|0.0106|0.0723|0.843|0.1842|0.0|0.2154|0.9166|0.3462|0.0494|0.3147|1.0|0.3914|0.0457|0.3601|0.9228|0.3955|0.0874|0.3578|0.8663|0.375|0.0886|0.3382|0.5039|0.4366|0.1303|0.4293|0.5575|0.7135|0.1992|0.7002|0.539|0.8977|0.2652|0.9118|0.5333|0.9153|0.2952|0.939|0.5167|0.9964|0.2196|1.0|
0.3961|0.0424|0.422|0.0139|0.4407|0.0129|0.4594|0.012|0.3712|0.0125|0.3471|0.0107|0.3243|0.0088|0.4618|0.0042|0.2747|0.0|0.4098|0.0554|0.3403|0.0537|0.6055|0.0664|0.0231|0.0781|0.9066|0.1971|0.0795|0.2246|0.9751|0.3127|0.0105|0.3415|1.0|0.3614|0.0|0.3805|0.9842|0.3643|0.0005|0.361|0.916|0.3393|0.0063|0.36|0.5193|0.4273|0.1899|0.4288|0.6092|0.7107|0.2453|0.6908|0.6228|0.9136|0.3438|0.926|0.6207|0.9372|0.3808|0.9591|0.5984|1.0|0.3084|0.9991|
0.3396|0.0417|0.3708|0.0071|0.3855|0.0059|0.3977|0.0042|0.3414|0.0075|0.3304|0.0061|0.3169|0.0051|0.4196|0.0|0.3095|0.001|0.3559|0.0609|0.313|0.0597|0.5316|0.0887|0.1322|0.1206|0.8164|0.2424|0.1634|0.298|0.8891|0.4579|0.0553|0.5073|1.0|0.5328|0.0|0.5392|0.8899|0.5322|0.0024|0.5385|0.8361|0.4982|0.0112|0.5365|0.4423|0.5467|0.2014|0.5453|0.5581|0.8672|0.1821|0.7947|0.5176|0.927|0.3424|0.9232|0.5199|0.9226|0.3843|0.9374|0.4749|1.0|0.3119|0.9918|
0.6115|0.0181|0.6746|0.0006|0.6901|0.0013|0.7052|0.0015|0.5842|0.0002|0.5734|0.0|0.5064|0.0006|0.7829|0.0229|0.5166|0.0033|0.6344|0.0388|0.5379|0.0387|0.8554|0.1122|0.1483|0.0921|1.0|0.2197|0.0|0.193|0.7088|0.1075|0.0323|0.2418|0.6291|0.1078|0.0215|0.2652|0.6312|0.0885|0.063|0.2589|0.6363|0.0893|0.087|0.2537|0.7192|0.4454|0.2253|0.4391|0.7156|0.7055|0.194|0.6826|0.6098|0.9098|0.242|0.9205|0.5814|0.9334|0.2339|0.9491|0.591|0.993|0.2786|1.0|
0.6782|0.0188|0.7234|0.0125|0.7459|0.0137|0.7656|0.0149|0.6561|0.0072|0.6252|0.0046|0.5972|0.0017|0.7372|0.0177|0.468|0.0|0.6736|0.039|0.5843|0.0357|0.7828|0.0938|0.1715|0.0856|1.0|0.2338|0.0|0.2474|0.9377|0.2065|0.1731|0.1805|0.9117|0.2085|0.2642|0.1923|0.8901|0.192|0.2232|0.1561|0.8701|0.1964|0.278|0.1734|0.7649|0.424|0.3099|0.421|0.83|0.6569|0.3207|0.6747|0.7766|0.898|0.3875|0.9209|0.7551|0.9262|0.3801|0.9499|0.7912|0.9829|0.4419|1.0|
0.5638|0.0217|0.5773|0.0016|0.656|0.0|0.6706|0.0|0.5307|0.0021|0.4516|0.0043|0.4369|0.0043|0.6761|0.0033|0.4256|0.0092|0.5969|0.0419|0.4714|0.0418|0.8166|0.1025|0.179|0.1013|1.0|0.2155|0.0|0.2433|0.9791|0.2218|0.1886|0.1946|0.8928|0.2042|0.1971|0.1906|0.898|0.2035|0.2551|0.1823|0.9491|0.218|0.2537|0.1838|0.8443|0.4365|0.3359|0.4377|0.889|0.7069|0.4296|0.7092|0.8372|0.9138|0.4493|0.9244|0.8191|0.9379|0.4417|0.9529|0.8549|0.9899|0.5156|1.0|
0.465|0.0187|0.489|0.0012|0.5341|0.0003|0.555|0.0|0.4349|0.0019|0.3918|0.0032|0.3746|0.0033|0.5809|0.005|0.3588|0.0114|0.5084|0.0292|0.408|0.0305|0.8109|0.119|0.1932|0.1177|1.0|0.2548|0.0|0.2449|0.9293|0.2993|0.1683|0.1468|0.92|0.3341|0.2091|0.1211|0.8819|0.3255|0.2089|0.1191|0.8678|0.3202|0.2094|0.1203|0.7531|0.4286|0.3237|0.4317|0.7811|0.6908|0.2851|0.673|0.7327|0.9048|0.3818|0.9249|0.7244|0.93|0.3834|0.9544|0.7033|0.9842|0.3907|1.0|
0.4691|0.0285|0.4749|0.0017|0.4896|0.0014|0.5022|0.0011|0.4011|0.0047|0.3831|0.006|0.3346|0.0085|0.5454|0.0|0.3125|0.0149|0.4999|0.0359|0.4176|0.0376|0.739|0.1017|0.2234|0.1345|0.8855|0.2323|0.132|0.2649|0.9531|0.2808|0.0472|0.407|1.0|0.3433|0.0|0.4477|0.9822|0.3087|0.0291|0.4479|0.9178|0.3098|0.0646|0.4302|0.7354|0.4463|0.369|0.4528|0.7873|0.6326|0.2671|0.6582|0.7531|0.768|0.289|0.9038|0.7304|0.7673|0.3016|0.929|0.8082|0.8845|0.2377|1.0|
0.4568|0.0286|0.4885|0.0018|0.5098|0.0009|0.5299|0.0|0.4158|0.0077|0.381|0.0114|0.3602|0.0137|0.5661|0.0084|0.3374|0.0264|0.5187|0.0565|0.4257|0.0588|0.7508|0.145|0.2006|0.1589|0.8979|0.2863|0.0889|0.3301|0.9233|0.3172|0.0328|0.464|1.0|0.3141|0.0|0.5156|0.9385|0.3139|0.0315|0.5052|0.9256|0.3143|0.0645|0.4958|0.6833|0.5142|0.3316|0.5135|0.7105|0.6999|0.2486|0.7269|0.6712|0.7923|0.2933|0.9034|0.65|0.7914|0.305|0.9202|0.701|0.9053|0.2539|1.0|
0.4941|0.029|0.5385|0.0038|0.5638|0.002|0.5862|0.0|0.451|0.0077|0.4245|0.0087|0.3857|0.0091|0.6364|0.0086|0.3666|0.0186|0.5672|0.0535|0.4579|0.0554|0.8553|0.1298|0.198|0.1336|1.0|0.2542|0.0577|0.2922|0.9023|0.2453|0.0291|0.3557|0.8758|0.2697|0.0|0.3769|0.8653|0.2548|0.0545|0.3761|0.8642|0.2082|0.0978|0.3276|0.7251|0.4804|0.3018|0.4628|0.6624|0.6616|0.1989|0.6858|0.6034|0.7893|0.2001|0.9062|0.5835|0.8166|0.2238|0.9321|0.5786|0.9277|0.1019|1.0|
0.3935|0.0181|0.4159|0.0|0.4378|0.0|0.456|0.0002|0.357|0.0035|0.3389|0.0056|0.3208|0.0074|0.4641|0.0127|0.2913|0.019|0.4296|0.0361|0.3561|0.0403|0.6387|0.1304|0.159|0.1367|0.8638|0.2558|0.0563|0.2943|0.9382|0.3423|0.005|0.3837|1.0|0.3774|0.0|0.4238|0.9629|0.3807|0.0296|0.4012|0.9507|0.3788|0.0386|0.3946|0.5655|0.454|0.2758|0.457|0.5562|0.6456|0.2327|0.6934|0.5126|0.8049|0.2141|0.9118|0.4875|0.8323|0.2163|0.9385|0.5422|0.9365|0.185|1.0|
0.3408|0.0246|0.3666|0.0|0.389|0.0004|0.4063|0.0008|0.32|0.0031|0.3088|0.0051|0.2978|0.0073|0.435|0.0123|0.2996|0.0185|0.3862|0.0434|0.3217|0.0515|0.6036|0.1353|0.2062|0.145|0.8637|0.2452|0.1238|0.2924|0.9842|0.2701|0.0467|0.4121|1.0|0.3049|0.0|0.459|0.9543|0.2832|0.0439|0.4415|0.9459|0.2787|0.0552|0.432|0.514|0.4849|0.2865|0.482|0.5371|0.6754|0.3145|0.7002|0.5002|0.8549|0.3532|0.9019|0.4841|0.8722|0.3517|0.9094|0.5699|0.9751|0.3595|1.0|
0.371|0.0278|0.4072|0.0|0.4308|0.0004|0.4532|0.001|0.3544|0.0017|0.3388|0.0029|0.3254|0.0044|0.4862|0.0158|0.3263|0.0196|0.4142|0.0551|0.3492|0.0577|0.6424|0.1214|0.2023|0.1585|1.0|0.1224|0.0|0.2888|0.8887|0.1243|0.103|0.3059|0.9356|0.1307|0.1491|0.3132|0.873|0.1222|0.1829|0.2787|0.8334|0.1237|0.1807|0.2766|0.5778|0.5253|0.3118|0.5257|0.6042|0.741|0.3092|0.7306|0.5472|0.9157|0.3919|0.8986|0.5406|0.9299|0.3982|0.9113|0.5513|1.0|0.3443|0.9904|
0.3506|0.1539|0.3763|0.1344|0.3941|0.1354|0.4114|0.1366|0.333|0.1343|0.3198|0.135|0.3075|0.1359|0.4408|0.1504|0.2998|0.1477|0.3805|0.1786|0.3278|0.1802|0.5428|0.2291|0.2352|0.245|0.7806|0.1393|0.0|0.2446|0.9294|0.0316|0.025|0.157|1.0|0.0012|0.0209|0.1263|0.9793|0.0|0.0557|0.1125|0.9616|0.0081|0.061|0.1317|0.4866|0.5372|0.2935|0.537|0.5104|0.7311|0.2518|0.6998|0.5028|0.923|0.3462|0.8511|0.4934|0.9293|0.3586|0.8708|0.4691|1.0|0.2654|0.9383|
0.3425|0.1838|0.3693|0.1662|0.3885|0.1663|0.4056|0.1667|0.3253|0.1691|0.3134|0.1709|0.3008|0.1727|0.4408|0.183|0.2908|0.1863|0.3773|0.2048|0.3222|0.2081|0.5461|0.2502|0.2219|0.264|0.7798|0.1453|0.0436|0.2305|0.9333|0.039|0.0132|0.115|1.0|0.0076|0.0|0.0662|0.9737|0.0|0.0164|0.0659|0.9527|0.014|0.0382|0.0852|0.493|0.5628|0.2797|0.5605|0.5114|0.752|0.2478|0.7251|0.5218|0.9322|0.335|0.8705|0.5164|0.9482|0.3664|0.8869|0.4568|1.0|0.2468|0.9453|
0.3582|0.2299|0.39|0.2153|0.4104|0.2148|0.4338|0.2134|0.3367|0.2174|0.3193|0.2185|0.2979|0.2198|0.4782|0.2248|0.284|0.2299|0.4012|0.2491|0.3337|0.2507|0.6244|0.285|0.1941|0.2995|0.8383|0.1827|0.0019|0.1845|0.9414|0.0571|0.0169|0.0464|1.0|0.0253|0.0|0.0037|0.9635|0.0206|0.0364|0.0|0.9386|0.0303|0.0467|0.0089|0.5537|0.572|0.2748|0.571|0.5872|0.7634|0.2697|0.7369|0.6181|0.9333|0.3899|0.8782|0.6156|0.9486|0.4349|0.8939|0.5405|1.0|0.2726|0.9421|
0.3757|0.2389|0.4144|0.2218|0.4379|0.2219|0.4614|0.222|0.3498|0.2226|0.3244|0.2232|0.3007|0.2239|0.5021|0.2322|0.2643|0.2343|0.4197|0.2604|0.337|0.2609|0.6375|0.2912|0.1647|0.3006|0.8556|0.1811|0.0007|0.1794|0.9475|0.0581|0.0|0.0447|1.0|0.0277|0.0152|0.0034|0.9748|0.0225|0.0323|0.0|0.9338|0.0325|0.0473|0.0164|0.5829|0.5727|0.2758|0.5705|0.5669|0.764|0.2246|0.7304|0.636|0.9382|0.4062|0.8842|0.6391|0.944|0.4637|0.8925|0.5265|1.0|0.2308|0.9382|
0.36|0.2286|0.4034|0.2088|0.4332|0.209|0.4639|0.2094|0.3251|0.2103|0.297|0.2115|0.2673|0.2128|0.5156|0.2242|0.2365|0.2235|0.4179|0.2501|0.3167|0.2515|0.6485|0.2903|0.1151|0.2969|0.8541|0.1605|0.0369|0.1602|0.9337|0.0353|0.0152|0.0401|1.0|0.0028|0.0|0.0122|0.9568|0.0|0.0865|0.0121|0.9264|0.0107|0.1064|0.0158|0.5909|0.5601|0.2524|0.5675|0.652|0.7532|0.2226|0.7361|0.7326|0.9179|0.4167|0.8847|0.7241|0.934|0.4863|0.9028|0.7239|1.0|0.237|0.9502|
0.4037|0.2446|0.448|0.2322|0.4753|0.2332|0.5021|0.2342|0.3778|0.2301|0.3567|0.2308|0.3349|0.2313|0.5525|0.2511|0.3153|0.2489|0.4527|0.2654|0.3699|0.2661|0.6888|0.3151|0.1835|0.3166|0.8343|0.1854|0.0509|0.175|0.9442|0.065|0.0351|0.0403|1.0|0.0374|0.0|0.0042|0.9586|0.0335|0.0291|0.0|0.9279|0.0412|0.0528|0.0089|0.6542|0.5749|0.3173|0.5806|0.7712|0.7555|0.3383|0.7546|0.8683|0.9218|0.4596|0.9049|0.8211|0.9432|0.5422|0.9246|0.9979|1.0|0.2985|0.9696|
0.3574|0.2482|0.3956|0.2324|0.4233|0.2326|0.4494|0.2325|0.3189|0.2334|0.2939|0.2345|0.2667|0.2355|0.4869|0.2453|0.2388|0.2483|0.4108|0.2658|0.3204|0.2678|0.6449|0.3069|0.1372|0.3223|0.7922|0.1746|0.0438|0.1727|0.8788|0.0526|0.0285|0.0368|0.9452|0.0208|0.0|0.0026|0.8893|0.0171|0.0395|0.0|0.8592|0.0291|0.0648|0.0094|0.6299|0.5967|0.2944|0.6037|0.7614|0.773|0.3211|0.7675|0.8508|0.9319|0.4271|0.9251|0.8009|0.9521|0.4739|0.9428|1.0|1.0|0.2743|0.9973|
0.4028|0.2328|0.4432|0.2219|0.4682|0.2226|0.5016|0.2234|0.3712|0.223|0.3525|0.2242|0.3343|0.2255|0.5418|0.237|0.3247|0.2388|0.4565|0.2516|0.3681|0.2532|0.7131|0.3019|0.1878|0.3018|0.8855|0.1868|0.0454|0.1737|0.9311|0.0636|0.0347|0.0375|0.9676|0.0232|0.0|0.0025|0.9125|0.0194|0.0307|0.0|0.8908|0.0344|0.0594|0.0107|0.6672|0.5822|0.3245|0.5885|0.7944|0.7718|0.2957|0.7663|0.8936|0.9284|0.4203|0.9295|0.8612|0.9507|0.4824|0.9438|1.0|0.9926|0.2848|1.0|
0.4693|0.2177|0.5038|0.207|0.5277|0.2077|0.5519|0.2085|0.4403|0.2085|0.4176|0.2101|0.3996|0.2118|0.5871|0.2227|0.3723|0.2247|0.5157|0.2368|0.4372|0.2397|0.7522|0.2877|0.2164|0.2919|0.9946|0.2061|0.0|0.1743|0.9607|0.0676|0.0438|0.0372|0.9664|0.0283|0.0134|0.0|0.9249|0.0192|0.0621|0.0|0.9118|0.0349|0.085|0.0152|0.7087|0.5764|0.3559|0.5821|0.7882|0.7596|0.3282|0.7618|0.8992|0.9284|0.4328|0.9272|0.869|0.9425|0.493|0.942|1.0|0.9964|0.2977|1.0|
0.5108|0.1402|0.5463|0.1211|0.5676|0.1212|0.5885|0.1214|0.4829|0.1207|0.458|0.1207|0.4385|0.1208|0.635|0.1327|0.4048|0.131|0.5557|0.1584|0.4794|0.1582|0.7893|0.2154|0.2982|0.2257|1.0|0.1949|0.0|0.1869|0.8797|0.0531|0.1574|0.0376|0.8665|0.0217|0.1659|0.0|0.8366|0.019|0.2051|0.0002|0.8216|0.0294|0.2138|0.0158|0.7146|0.5494|0.4239|0.5532|0.7799|0.7354|0.3747|0.7432|0.8439|0.9229|0.452|0.9085|0.8098|0.9527|0.5145|0.9344|0.9386|1.0|0.3264|0.998|
0.4842|0.0217|0.5277|0.0003|0.5539|0.0009|0.5783|0.0014|0.4487|0.0002|0.4199|0.0|0.3961|0.0004|0.6177|0.0123|0.355|0.0115|0.5326|0.0466|0.4369|0.0452|0.8275|0.124|0.219|0.1258|1.0|0.2327|0.0|0.232|0.8996|0.1517|0.1188|0.1044|0.8836|0.1391|0.168|0.0739|0.8681|0.1206|0.1654|0.0534|0.8659|0.1249|0.1744|0.0742|0.7527|0.4789|0.3894|0.4801|0.8021|0.6968|0.3581|0.7048|0.8346|0.8903|0.3596|0.9012|0.7883|0.9168|0.3938|0.93|0.9464|0.9886|0.2306|1.0|
0.5958|0.0198|0.6373|0.0028|0.6618|0.0047|0.6832|0.0063|0.5663|0.0|0.5435|0.0003|0.5217|0.0009|0.7199|0.0241|0.4887|0.0189|0.6421|0.0452|0.5499|0.0432|0.905|0.1571|0.355|0.1487|1.0|0.3076|0.1893|0.3024|0.9746|0.2588|0.0869|0.2718|0.9482|0.2379|0.0|0.2727|0.8976|0.2104|0.0162|0.2571|0.9162|0.2348|0.052|0.2597|0.8295|0.4771|0.5062|0.4732|0.8682|0.7004|0.507|0.7004|0.888|0.9169|0.4867|0.9009|0.8425|0.9378|0.5261|0.9238|0.9912|0.9973|0.4122|1.0|
0.4922|0.0185|0.5275|0.0016|0.5502|0.0027|0.5695|0.0036|0.4599|0.0|0.4369|0.0001|0.4145|0.0005|0.5888|0.0174|0.377|0.0143|0.5264|0.0447|0.4391|0.0436|0.7817|0.1406|0.235|0.1515|0.8627|0.2642|0.0985|0.2708|0.9536|0.3677|0.0517|0.3341|1.0|0.41|0.0|0.3652|0.9626|0.4122|0.0659|0.3527|0.9455|0.3968|0.0996|0.3446|0.7256|0.4669|0.3987|0.4677|0.7655|0.698|0.39|0.7074|0.7823|0.9146|0.3838|0.9101|0.7436|0.9383|0.4185|0.9314|0.8892|1.0|0.3081|0.9991|
0.4919|0.0217|0.5234|0.0024|0.5421|0.0037|0.5643|0.0054|0.4558|0.0001|0.4287|0.0|0.4036|0.0003|0.5819|0.0193|0.3604|0.013|0.5193|0.0459|0.4372|0.0458|0.7125|0.1479|0.2023|0.1451|0.8531|0.3082|0.0756|0.3168|0.9694|0.4594|0.0337|0.4611|1.0|0.5027|0.0|0.5031|0.9788|0.5063|0.0555|0.5044|0.9472|0.4917|0.0818|0.4906|0.6679|0.4653|0.3601|0.4684|0.7152|0.6986|0.3846|0.7037|0.7393|0.92|0.378|0.9129|0.6962|0.9439|0.4394|0.9394|0.8378|0.9991|0.2828|1.0|
0.4965|0.0206|0.5276|0.0003|0.5462|0.0011|0.5669|0.0021|0.4609|0.0|0.4353|0.0008|0.4146|0.0017|0.5907|0.0152|0.3787|0.0136|0.5305|0.0446|0.4478|0.0461|0.7524|0.1503|0.2289|0.144|0.8816|0.3022|0.1371|0.3162|0.9601|0.4582|0.054|0.457|1.0|0.5051|0.0|0.5018|0.9835|0.5014|0.0464|0.5043|0.9507|0.4931|0.0764|0.4904|0.6668|0.4622|0.3636|0.4658|0.7165|0.6999|0.382|0.7081|0.7538|0.9203|0.4058|0.9156|0.7101|0.9449|0.469|0.9421|0.8518|0.9997|0.3046|1.0|
0.472|0.0211|0.5068|0.0013|0.5264|0.0021|0.5438|0.0031|0.4412|0.0|0.4176|0.0001|0.3955|0.0005|0.5619|0.0155|0.3575|0.0114|0.5021|0.0455|0.4217|0.0453|0.7207|0.1461|0.1866|0.1465|0.8633|0.2944|0.0914|0.3158|0.964|0.429|0.0339|0.4525|1.0|0.4657|0.0|0.4982|0.9648|0.4692|0.0475|0.5014|0.939|0.4588|0.0732|0.4872|0.6672|0.4663|0.3616|0.4719|0.7077|0.7024|0.389|0.6995|0.7465|0.9222|0.399|0.9079|0.6958|0.9424|0.4447|0.933|0.8426|1.0|0.2855|0.9955|
0.4634|0.0181|0.4971|0.0018|0.5187|0.003|0.5366|0.0044|0.4324|0.0|0.4115|0.0003|0.3907|0.0007|0.5541|0.0167|0.3555|0.0127|0.4945|0.0434|0.415|0.0418|0.728|0.1435|0.1999|0.1458|0.8664|0.2922|0.0963|0.3163|0.9607|0.4297|0.037|0.453|1.0|0.469|0.0|0.4974|0.9611|0.4712|0.0498|0.4997|0.9405|0.4611|0.0766|0.4861|0.6662|0.4642|0.364|0.4671|0.7136|0.6997|0.398|0.7008|0.7511|0.9211|0.4046|0.9059|0.7037|0.9424|0.4335|0.9303|0.8516|1.0|0.312|0.9948|
0.464|0.0173|0.4946|0.0023|0.5153|0.0038|0.5324|0.0053|0.4341|0.0|0.4146|0.0|0.3946|0.0003|0.5461|0.02|0.3572|0.014|0.4914|0.0425|0.4162|0.0402|0.7307|0.1477|0.1998|0.1529|0.8661|0.2957|0.1011|0.3224|0.9601|0.428|0.0388|0.455|1.0|0.469|0.0|0.4984|0.9682|0.472|0.0517|0.5009|0.9435|0.4619|0.0684|0.4873|0.6804|0.4661|0.3746|0.4693|0.7256|0.7023|0.3771|0.7037|0.7484|0.9211|0.3963|0.9039|0.6991|0.9437|0.433|0.9289|0.8494|1.0|0.3033|0.9936|
0.4605|0.017|0.4921|0.0022|0.5109|0.0037|0.5279|0.0051|0.4308|0.0|0.4081|0.0001|0.3882|0.0004|0.5392|0.0198|0.35|0.0136|0.4893|0.0425|0.4114|0.04|0.7183|0.1473|0.1945|0.1515|0.8608|0.2953|0.0983|0.3202|0.9644|0.4343|0.0359|0.4542|1.0|0.4728|0.0|0.4989|0.9676|0.475|0.0532|0.5016|0.9423|0.4657|0.0682|0.4892|0.6758|0.4658|0.3709|0.4699|0.7208|0.7041|0.3741|0.7041|0.7424|0.9209|0.3882|0.9093|0.6947|0.9443|0.4479|0.9345|0.8416|0.9997|0.2915|1.0|
0.4575|0.0192|0.4906|0.0014|0.5103|0.0026|0.528|0.0037|0.4231|0.0|0.4015|0.0002|0.3809|0.0007|0.5538|0.0172|0.3442|0.0138|0.4924|0.0446|0.4078|0.0443|0.733|0.1436|0.1867|0.1526|0.8727|0.2953|0.1066|0.3216|0.961|0.4328|0.0368|0.4555|1.0|0.4724|0.0|0.5005|0.9595|0.4742|0.0535|0.503|0.94|0.4645|0.0688|0.489|0.6724|0.4668|0.3532|0.4695|0.7098|0.7029|0.3701|0.7044|0.7398|0.9277|0.3863|0.9098|0.7045|0.9515|0.4488|0.9411|0.8483|1.0|0.2898|0.998|
0.4587|0.0189|0.4901|0.0016|0.5091|0.0029|0.5265|0.0042|0.426|0.0|0.4029|0.0003|0.3822|0.0007|0.5441|0.0182|0.3432|0.0142|0.4918|0.0447|0.4088|0.0442|0.7284|0.1451|0.1845|0.1542|0.8702|0.2966|0.1018|0.3229|0.9617|0.4337|0.0359|0.4544|1.0|0.4733|0.0|0.4985|0.9602|0.477|0.0531|0.502|0.9416|0.4654|0.0685|0.4897|0.6764|0.4669|0.3635|0.4707|0.7082|0.7036|0.3706|0.7057|0.7408|0.9236|0.386|0.9107|0.6985|0.9496|0.4473|0.9409|0.8413|0.9994|0.2884|1.0|
0.4569|0.0178|0.4863|0.0015|0.5051|0.003|0.5231|0.0045|0.425|0.0|0.4024|0.0005|0.3827|0.0012|0.55|0.0205|0.3445|0.0161|0.4925|0.0439|0.4099|0.0439|0.7351|0.1491|0.1858|0.1603|0.8878|0.3011|0.1037|0.3271|0.9677|0.4387|0.0369|0.4617|1.0|0.479|0.0|0.506|0.9595|0.4825|0.0529|0.5087|0.9417|0.4708|0.0682|0.4951|0.6742|0.4695|0.3608|0.473|0.7125|0.7044|0.371|0.7082|0.7393|0.9261|0.3884|0.9116|0.6983|0.9485|0.446|0.9366|0.8436|0.9994|0.2984|1.0|
0.4628|0.0175|0.4923|0.0021|0.5109|0.0036|0.5286|0.0052|0.4312|0.0|0.4087|0.0001|0.3893|0.0005|0.5509|0.0203|0.352|0.015|0.4967|0.0437|0.4156|0.0422|0.7295|0.1489|0.1948|0.1574|0.8829|0.3005|0.1107|0.3254|0.9655|0.4366|0.0361|0.46|1.0|0.4766|0.0|0.5057|0.9669|0.4797|0.0325|0.5084|0.9431|0.4683|0.0637|0.4941|0.6745|0.4674|0.3688|0.472|0.722|0.7037|0.3742|0.7082|0.7413|0.9269|0.3893|0.9124|0.7075|0.949|0.4475|0.9378|0.8434|1.0|0.2957|1.0|
0.4668|0.0181|0.4953|0.0018|0.5129|0.0031|0.5303|0.0045|0.4336|0.0|0.4104|0.0003|0.3904|0.0008|0.5548|0.02|0.3528|0.0154|0.5001|0.0444|0.4187|0.0439|0.7296|0.1479|0.2004|0.1565|0.8837|0.2996|0.1143|0.3246|0.9616|0.4363|0.0369|0.4587|1.0|0.4771|0.0|0.5042|0.9607|0.4803|0.0328|0.5064|0.9418|0.4685|0.0641|0.4921|0.6741|0.4643|0.3684|0.4697|0.7173|0.7005|0.3798|0.7066|0.7428|0.9218|0.3953|0.9132|0.7102|0.9443|0.4548|0.9445|0.8477|0.9965|0.2979|1.0|
0.464|0.0174|0.4921|0.0013|0.5104|0.0025|0.5279|0.0038|0.4302|0.0|0.4077|0.0005|0.3881|0.0011|0.551|0.0188|0.3514|0.0156|0.4982|0.0427|0.4174|0.0427|0.7294|0.1461|0.1975|0.1561|0.8693|0.2973|0.1096|0.3245|0.9593|0.4325|0.0351|0.4585|1.0|0.4735|0.0|0.5034|0.9624|0.4766|0.0315|0.5055|0.943|0.4641|0.0615|0.4915|0.683|0.4619|0.374|0.4673|0.7273|0.6976|0.381|0.7027|0.7429|0.9181|0.3948|0.9129|0.7104|0.9447|0.4537|0.9399|0.8524|0.9916|0.2938|1.0|
0.4646|0.0171|0.4937|0.0013|0.5122|0.0026|0.5317|0.004|0.4318|0.0|0.409|0.0007|0.3893|0.0017|0.5559|0.0203|0.3553|0.0179|0.5011|0.0434|0.4196|0.0427|0.7365|0.1473|0.2067|0.1567|0.8853|0.2972|0.1147|0.325|0.9583|0.432|0.0329|0.4617|1.0|0.4718|0.0|0.5065|0.9615|0.4743|0.035|0.5084|0.9409|0.4621|0.0628|0.4941|0.685|0.4643|0.3711|0.4698|0.7231|0.701|0.3825|0.7074|0.7437|0.9234|0.3981|0.9137|0.7035|0.9511|0.4577|0.9454|0.8482|0.9969|0.303|1.0|
END
START
0.4623|0.0176|0.4913|0.0007|0.5099|0.0017|0.5274|0.0027|0.4281|0.0|0.4051|0.0007|0.3851|0.0016|0.5497|0.0167|0.3494|0.0159|0.4984|0.0433|0.4165|0.0433|0.7297|0.1454|0.199|0.153|0.868|0.2962|0.1085|0.3232|0.958|0.4315|0.0359|0.4594|1.0|0.4712|0.0|0.5055|0.9612|0.4742|0.0288|0.508|0.9407|0.4622|0.0595|0.4939|0.6854|0.4642|0.372|0.4701|0.7263|0.7008|0.3778|0.704|0.7444|0.9231|0.3922|0.9123|0.7002|0.9452|0.4489|0.9367|0.8421|0.9998|0.2988|1.0|
0.468|0.0185|0.4991|0.0023|0.5167|0.0037|0.5341|0.005|0.4353|0.0|0.4105|0.0|0.3893|0.0002|0.5549|0.0201|0.3488|0.0142|0.4992|0.0449|0.4139|0.0438|0.7268|0.1462|0.194|0.1567|0.8709|0.2971|0.1137|0.3257|0.9582|0.4269|0.0351|0.4614|1.0|0.4704|0.0|0.5065|0.9634|0.4715|0.0308|0.5083|0.9431|0.4611|0.0596|0.4943|0.6833|0.454|0.3695|0.461|0.7292|0.7001|0.3752|0.7034|0.7449|0.9214|0.3915|0.9128|0.7009|0.944|0.4499|0.9387|0.8428|0.9918|0.3062|1.0|
0.4682|0.018|0.4959|0.0014|0.513|0.0024|0.5313|0.0036|0.4353|0.0|0.411|0.0003|0.3903|0.0009|0.5513|0.0184|0.3512|0.0152|0.5006|0.0444|0.417|0.0442|0.7318|0.1433|0.2033|0.1552|0.8893|0.2957|0.1156|0.3232|0.9581|0.4312|0.0326|0.4603|1.0|0.4726|0.0|0.5055|0.9637|0.4755|0.0307|0.5076|0.9435|0.464|0.0566|0.4937|0.689|0.4579|0.3701|0.4632|0.7173|0.7006|0.3825|0.7025|0.7428|0.927|0.3919|0.9145|0.7134|0.9491|0.433|0.9395|0.8425|0.9988|0.2869|1.0|
0.4472|0.0162|0.4796|0.0018|0.4997|0.0033|0.5181|0.0047|0.4133|0.0|0.39|0.0006|0.3695|0.0015|0.545|0.0203|0.3326|0.0178|0.4853|0.0426|0.3972|0.042|0.7214|0.1454|0.1836|0.1583|0.866|0.3|0.1041|0.3335|0.9634|0.4352|0.0351|0.463|1.0|0.4761|0.0|0.507|0.971|0.4788|0.0273|0.5088|0.9452|0.47|0.0575|0.497|0.6855|0.4585|0.3582|0.4633|0.7112|0.7008|0.3959|0.7026|0.7448|0.9272|0.3894|0.9177|0.7158|0.9544|0.4255|0.9416|0.8454|1.0|0.2885|0.999|
0.4602|0.0184|0.49|0.0013|0.5086|0.0024|0.5284|0.0036|0.4226|0.0|0.3969|0.0005|0.3753|0.0012|0.5482|0.0163|0.3338|0.0148|0.4947|0.0444|0.4075|0.0449|0.7215|0.1415|0.1848|0.1534|0.8673|0.2987|0.1029|0.3282|0.9651|0.4396|0.0349|0.4606|1.0|0.4807|0.0|0.5052|0.9755|0.4795|0.0277|0.5071|0.9491|0.4714|0.0575|0.495|0.6903|0.4581|0.3677|0.4634|0.7163|0.7009|0.3972|0.7022|0.7516|0.9285|0.3878|0.9155|0.7216|0.9547|0.4272|0.9398|0.8527|1.0|0.2906|0.9998|
0.4285|0.0158|0.4594|0.0016|0.4782|0.003|0.496|0.0044|0.4037|0.0|0.3849|0.0006|0.3683|0.0015|0.5203|0.0153|0.343|0.0165|0.4665|0.0413|0.3916|0.0394|0.7033|0.1428|0.2159|0.1564|0.8524|0.2828|0.1235|0.3203|0.9599|0.4177|0.0361|0.46|1.0|0.4635|0.0|0.508|0.9664|0.4643|0.0429|0.5085|0.9458|0.4525|0.0574|0.493|0.6513|0.46|0.3666|0.4645|0.6817|0.7016|0.3728|0.7028|0.705|0.9225|0.3841|0.9148|0.6672|0.946|0.4212|0.9389|0.7929|0.9935|0.3103|1.0|
0.4792|0.0173|0.5041|0.0001|0.522|0.001|0.5371|0.002|0.452|0.0|0.4352|0.0009|0.4185|0.0021|0.5583|0.0138|0.392|0.0157|0.5123|0.0429|0.446|0.0434|0.6984|0.1322|0.2845|0.144|0.9175|0.2141|0.1105|0.2563|0.9482|0.1669|0.0452|0.3545|1.0|0.1599|0.0|0.3948|0.9837|0.1441|0.0394|0.3955|0.964|0.1529|0.0667|0.3862|0.6551|0.4561|0.4107|0.4619|0.6794|0.694|0.4235|0.6915|0.7168|0.9216|0.4244|0.9051|0.6901|0.947|0.4612|0.9338|0.7826|0.9945|0.3506|1.0|
0.4833|0.1296|0.5047|0.111|0.5182|0.1115|0.5317|0.1119|0.4556|0.1109|0.4389|0.1115|0.4216|0.1124|0.5398|0.1224|0.392|0.1227|0.5057|0.1496|0.4488|0.151|0.6455|0.2073|0.3062|0.2206|0.8698|0.1587|0.1474|0.2092|0.9554|0.0453|0.06|0.1312|1.0|0.0082|0.0|0.1067|0.9851|0.0|0.0296|0.1051|0.962|0.0173|0.0538|0.1063|0.6223|0.505|0.413|0.5086|0.6474|0.723|0.4347|0.7278|0.6835|0.9266|0.4292|0.9265|0.655|0.9496|0.4701|0.948|0.7446|0.9975|0.3608|1.0|
0.4826|0.1893|0.5025|0.1723|0.5212|0.172|0.5368|0.1716|0.4469|0.1747|0.4282|0.1759|0.4087|0.177|0.5587|0.1816|0.3866|0.1885|0.5223|0.2069|0.4564|0.2109|0.7005|0.2541|0.2991|0.2715|0.9041|0.1692|0.0908|0.2021|0.9663|0.0442|0.0158|0.0871|1.0|0.0052|0.0|0.0522|0.979|0.0|0.0156|0.0417|0.9666|0.0155|0.0381|0.0541|0.6687|0.5384|0.4195|0.5425|0.6971|0.7472|0.4402|0.7514|0.7252|0.9329|0.4276|0.93|0.6949|0.954|0.474|0.9524|0.8188|0.9996|0.3501|1.0|
0.5002|0.2352|0.5306|0.2199|0.5521|0.2201|0.5746|0.2201|0.465|0.2206|0.4399|0.2216|0.4195|0.2226|0.5977|0.227|0.3779|0.2338|0.542|0.2536|0.4641|0.2551|0.7458|0.2933|0.249|0.3005|0.9136|0.1771|0.0751|0.1792|0.977|0.0428|0.0403|0.0465|1.0|0.0046|0.0|0.0154|0.9744|0.0|0.0252|0.0141|0.9541|0.0168|0.0487|0.0234|0.7209|0.5567|0.4022|0.5611|0.7896|0.7534|0.4499|0.7615|0.8306|0.9265|0.4579|0.932|0.7827|0.9463|0.4924|0.9534|0.9142|0.9927|0.3458|1.0|
0.5419|0.2266|0.5968|0.2147|0.6242|0.2162|0.6494|0.2177|0.521|0.2113|0.4953|0.211|0.4726|0.2108|0.6849|0.2305|0.4239|0.2255|0.5815|0.2488|0.4846|0.2454|0.8113|0.3036|0.2649|0.2979|0.9724|0.175|0.0837|0.1573|0.9822|0.0391|0.0479|0.0334|0.9865|0.0048|0.0|0.0048|0.9569|0.0|0.0529|0.0014|0.9419|0.0095|0.0884|0.0142|0.8051|0.5583|0.452|0.566|0.8635|0.7543|0.451|0.7544|0.9092|0.9345|0.4612|0.9288|0.8708|0.9536|0.4992|0.9406|1.0|1.0|0.2937|0.9918|
0.5121|0.2298|0.5624|0.2131|0.5935|0.2142|0.6213|0.2153|0.48|0.2112|0.4563|0.2111|0.4336|0.211|0.6637|0.2288|0.4067|0.2243|0.5629|0.2483|0.4673|0.2463|0.8209|0.2955|0.2422|0.2955|0.9833|0.1741|0.0244|0.1652|0.9774|0.0407|0.0312|0.0314|0.9777|0.0113|0.0|0.0035|0.9045|0.0057|0.0432|0.0|0.8913|0.0153|0.082|0.0074|0.7829|0.5673|0.4058|0.5706|0.85|0.7541|0.4109|0.7542|0.9316|0.9288|0.4403|0.9208|0.9012|0.9471|0.4848|0.9406|1.0|1.0|0.259|0.9937|
0.5332|0.2075|0.569|0.1933|0.5921|0.1946|0.6136|0.1958|0.5032|0.1914|0.4824|0.1914|0.462|0.1916|0.6397|0.2089|0.4245|0.2031|0.5733|0.2259|0.4972|0.2241|0.7865|0.2766|0.2688|0.2818|1.0|0.1622|0.0|0.1729|0.9341|0.0372|0.1053|0.0317|0.9219|0.0062|0.0991|0.0024|0.86|0.0002|0.1432|0.0|0.8484|0.0099|0.1566|0.0078|0.7479|0.5613|0.4234|0.5671|0.8131|0.7488|0.4394|0.7536|0.8581|0.922|0.4617|0.924|0.8237|0.9443|0.5127|0.9469|0.9259|0.9991|0.3331|1.0|
0.464|0.1444|0.5021|0.1273|0.5238|0.1275|0.5522|0.1277|0.4394|0.1299|0.4214|0.1312|0.3974|0.1329|0.5836|0.1398|0.3765|0.1433|0.5126|0.1653|0.4424|0.1652|0.7273|0.2263|0.2519|0.2374|1.0|0.1821|0.0|0.2006|0.8288|0.0441|0.115|0.0388|0.8092|0.0188|0.112|0.0074|0.7697|0.0182|0.15|0.0|0.7663|0.0266|0.1636|0.0148|0.6644|0.5448|0.3983|0.5479|0.7053|0.7309|0.412|0.7389|0.7479|0.9204|0.4296|0.9192|0.7273|0.9457|0.4551|0.9443|0.8093|1.0|0.3124|0.9999|
0.467|0.0213|0.5027|0.001|0.5261|0.0019|0.5476|0.003|0.4415|0.0|0.42|0.0005|0.4027|0.0016|0.5758|0.0137|0.3771|0.0127|0.5075|0.0468|0.4329|0.046|0.7388|0.1276|0.2371|0.1381|1.0|0.1895|0.0|0.2512|0.8937|0.1014|0.0091|0.093|0.8911|0.0748|0.0301|0.0599|0.8488|0.0631|0.044|0.0415|0.8382|0.083|0.0488|0.0591|0.6965|0.4649|0.3953|0.4669|0.7351|0.6986|0.4075|0.7029|0.7647|0.9133|0.4154|0.9039|0.7321|0.9345|0.458|0.9245|0.8589|1.0|0.3317|0.9976|
0.4973|0.0207|0.5346|0.0018|0.5557|0.0031|0.5742|0.0043|0.4622|0.0|0.4362|0.0002|0.4117|0.0005|0.5921|0.019|0.3736|0.0153|0.5333|0.0437|0.4439|0.0443|0.7537|0.1421|0.2296|0.1445|0.9148|0.2561|0.105|0.2761|0.9451|0.3652|0.0525|0.3553|1.0|0.4106|0.0|0.396|0.9532|0.4132|0.0697|0.3895|0.9419|0.3951|0.1006|0.3689|0.6977|0.4594|0.3929|0.4645|0.7481|0.6898|0.4265|0.6962|0.7839|0.9093|0.4016|0.9102|0.7478|0.9349|0.4303|0.9307|0.88|0.9906|0.3394|1.0|
0.5431|0.0217|0.582|0.0032|0.6042|0.0046|0.6239|0.006|0.5042|0.0003|0.4739|0.0|0.4486|0.0001|0.6277|0.018|0.3982|0.0105|0.5759|0.0456|0.4795|0.0434|0.7784|0.139|0.2071|0.1467|0.8629|0.2864|0.1232|0.3155|0.9418|0.4401|0.0357|0.4578|1.0|0.4827|0.0|0.5023|0.9496|0.487|0.0313|0.5038|0.9384|0.4685|0.0656|0.4895|0.7692|0.4603|0.4113|0.4656|0.8227|0.694|0.4493|0.7017|0.8638|0.9195|0.4571|0.9165|0.8203|0.9422|0.5042|0.9413|0.9769|0.9971|0.3505|1.0|
0.4792|0.0205|0.5041|0.0002|0.5206|0.0006|0.5381|0.0013|0.4428|0.0|0.418|0.0004|0.3972|0.0007|0.5534|0.0115|0.3607|0.0104|0.509|0.0431|0.4331|0.0436|0.7221|0.1423|0.2053|0.1401|0.8789|0.2801|0.108|0.308|0.9616|0.4113|0.0355|0.444|1.0|0.4505|0.0|0.4881|0.9613|0.4519|0.0321|0.4913|0.9412|0.4383|0.0645|0.4797|0.6682|0.4597|0.3637|0.462|0.7076|0.6997|0.372|0.7021|0.7496|0.9235|0.4072|0.9143|0.7061|0.9466|0.444|0.9386|0.8502|0.9951|0.3005|1.0|
0.4646|0.0197|0.4927|0.0015|0.5091|0.0025|0.5247|0.0034|0.4308|0.0|0.4066|0.0001|0.3856|0.0004|0.541|0.0169|0.3483|0.0124|0.4947|0.0453|0.4138|0.0451|0.7093|0.1489|0.2035|0.1447|0.8826|0.2761|0.1088|0.3113|0.9623|0.4079|0.0334|0.4491|1.0|0.4474|0.0|0.4967|0.9661|0.4495|0.0463|0.4992|0.9377|0.4384|0.0598|0.4847|0.6639|0.4571|0.3569|0.4598|0.7047|0.6999|0.3865|0.7022|0.731|0.9231|0.3803|0.9176|0.6966|0.9474|0.4313|0.9407|0.8514|0.9997|0.2919|1.0|
0.4574|0.0189|0.4851|0.0003|0.5018|0.0009|0.5183|0.0015|0.4231|0.0|0.3995|0.0005|0.3798|0.001|0.539|0.0148|0.3453|0.0128|0.4904|0.0434|0.4105|0.044|0.7059|0.1454|0.1941|0.1433|0.8793|0.2759|0.0995|0.3105|0.9602|0.4051|0.0324|0.4498|1.0|0.4455|0.0|0.4949|0.9645|0.4441|0.0453|0.4977|0.9348|0.4329|0.0579|0.4834|0.6485|0.4624|0.3382|0.4616|0.695|0.6994|0.3623|0.7005|0.7324|0.9246|0.3743|0.916|0.6945|0.952|0.4237|0.9387|0.8415|0.9984|0.2926|1.0|
0.4546|0.0194|0.483|0.0011|0.5011|0.0017|0.5177|0.0021|0.4216|0.0|0.3991|0.0001|0.3795|0.0003|0.5327|0.0149|0.3444|0.0119|0.4865|0.0444|0.408|0.0439|0.7068|0.142|0.192|0.1457|0.8789|0.2743|0.1091|0.3114|0.9618|0.4093|0.0378|0.4521|1.0|0.4498|0.0|0.4981|0.9669|0.4483|0.0523|0.4998|0.9389|0.4373|0.0653|0.485|0.6607|0.4615|0.3494|0.4627|0.7052|0.7021|0.3869|0.7032|0.7408|0.9285|0.3925|0.9147|0.6995|0.9508|0.4244|0.938|0.8442|1.0|0.3268|0.9966|
0.4474|0.0196|0.4741|0.001|0.4945|0.0015|0.5116|0.0019|0.4131|0.0|0.3933|0.0001|0.3737|0.0002|0.526|0.0141|0.3397|0.0117|0.479|0.0441|0.4027|0.0434|0.7089|0.1416|0.1858|0.1463|0.8825|0.269|0.1055|0.3125|0.9619|0.4039|0.0368|0.4538|1.0|0.4429|0.0|0.4989|0.966|0.4451|0.0512|0.501|0.9381|0.4343|0.0759|0.4862|0.663|0.4618|0.3497|0.4623|0.7073|0.7004|0.3663|0.7043|0.7359|0.9226|0.3916|0.9155|0.7018|0.9465|0.4255|0.939|0.8348|0.9969|0.3188|1.0|
0.4372|0.0194|0.4674|0.0004|0.4887|0.001|0.5071|0.0016|0.4042|0.0|0.3838|0.0003|0.3637|0.0007|0.5257|0.0117|0.3315|0.011|0.4711|0.0435|0.3947|0.0437|0.7146|0.1374|0.1842|0.1439|0.8823|0.2724|0.1053|0.3094|0.9603|0.4069|0.0364|0.4531|1.0|0.4468|0.0|0.4985|0.9591|0.4461|0.0538|0.5006|0.9361|0.4353|0.079|0.4857|0.6619|0.4606|0.3474|0.4614|0.7064|0.7026|0.361|0.7059|0.7411|0.9215|0.3763|0.9182|0.7023|0.9498|0.4281|0.9432|0.8359|1.0|0.3022|0.998|
0.4407|0.021|0.4688|0.0001|0.4893|0.0006|0.5072|0.0012|0.4055|0.0|0.3843|0.0004|0.3634|0.0009|0.5235|0.0107|0.3289|0.011|0.4731|0.0433|0.3967|0.0438|0.7079|0.1362|0.1822|0.1413|0.8794|0.2703|0.1038|0.3074|0.9603|0.4057|0.0365|0.4524|1.0|0.4454|0.0|0.4977|0.9597|0.4454|0.0523|0.5|0.9364|0.4345|0.0773|0.4851|0.663|0.4604|0.3493|0.4615|0.7073|0.7021|0.3597|0.7055|0.7429|0.9225|0.3775|0.9199|0.7025|0.9504|0.429|0.9446|0.8376|1.0|0.293|0.9983|
0.4449|0.0178|0.4742|0.0012|0.4923|0.0023|0.509|0.0034|0.4132|0.0|0.3904|0.0003|0.3698|0.0008|0.5245|0.0149|0.3309|0.0137|0.4788|0.0433|0.3981|0.043|0.71|0.1481|0.1794|0.1538|0.8754|0.2789|0.0986|0.3195|0.9625|0.4126|0.0288|0.4533|1.0|0.4521|0.0|0.5025|0.9674|0.4501|0.0483|0.5043|0.939|0.4396|0.0594|0.4894|0.6659|0.457|0.3452|0.4648|0.7033|0.6984|0.3617|0.7034|0.7386|0.922|0.3799|0.918|0.7062|0.9465|0.4324|0.9416|0.8362|0.9992|0.2877|1.0|
0.4299|0.0188|0.46|0.0014|0.4811|0.0023|0.4989|0.0031|0.398|0.0|0.378|0.0|0.358|0.0001|0.5149|0.016|0.3259|0.0119|0.4626|0.0437|0.3846|0.042|0.7072|0.1447|0.1732|0.1499|0.873|0.2812|0.0941|0.3171|0.959|0.4099|0.0316|0.4537|1.0|0.4481|0.0|0.4987|0.9671|0.4497|0.0493|0.5004|0.9384|0.4372|0.0615|0.4862|0.6611|0.4608|0.3428|0.4633|0.7024|0.6995|0.36|0.7011|0.7395|0.9264|0.3724|0.9156|0.7026|0.9544|0.4257|0.9396|0.8483|1.0|0.2874|0.9978|
0.4344|0.0198|0.4623|0.0011|0.4828|0.0017|0.5004|0.0026|0.3981|0.0|0.3768|0.0005|0.3558|0.001|0.5163|0.0131|0.32|0.0124|0.4685|0.0444|0.3892|0.0446|0.6985|0.1416|0.1764|0.1445|0.8644|0.2745|0.1009|0.3119|0.9542|0.4021|0.0337|0.451|1.0|0.4418|0.0|0.4966|0.9637|0.4411|0.0499|0.4983|0.934|0.4299|0.061|0.4836|0.6561|0.458|0.3417|0.4601|0.7022|0.6962|0.3591|0.6979|0.7415|0.9269|0.3765|0.913|0.7088|0.9487|0.4274|0.9372|0.8353|1.0|0.2982|0.9984|
END
