START
0.5107|0.0223|0.5435|0.0003|0.5636|0.001|0.5828|0.0024|0.4758|0.0|0.4541|0.0002|0.4337|0.0005|0.6084|0.0139|0.4026|0.0109|0.5521|0.0436|0.4689|0.0435|0.7642|0.1436|0.2365|0.1486|0.8872|0.3063|0.1545|0.3263|0.9526|0.454|0.0425|0.4736|1.0|0.502|0.0|0.5189|0.9581|0.5016|0.0358|0.5211|0.9361|0.487|0.0608|0.5069|0.7112|0.4572|0.4045|0.4629|0.7377|0.7022|0.4119|0.7076|0.7943|0.93|0.412|0.9262|0.7608|0.9597|0.4502|0.955|0.8826|1.0|0.3114|0.9952|
0.5326|0.0196|0.5613|0.0|0.5788|0.0002|0.5968|0.0008|0.4971|0.0004|0.4722|0.0009|0.4503|0.0014|0.6108|0.0115|0.4128|0.0111|0.5672|0.0424|0.4858|0.0438|0.7732|0.141|0.2387|0.1465|0.8967|0.3088|0.1554|0.3279|0.9564|0.4564|0.0407|0.4726|1.0|0.5019|0.0|0.5199|0.9547|0.5033|0.0288|0.5223|0.9327|0.488|0.0564|0.507|0.7244|0.4614|0.418|0.466|0.7439|0.7065|0.4088|0.7129|0.787|0.9291|0.4037|0.9333|0.7485|0.9599|0.4402|0.9617|0.8745|1.0|0.2917|0.9977|
0.5225|0.0188|0.554|0.0|0.5732|0.0004|0.5907|0.0012|0.4881|0.0001|0.4634|0.0005|0.4408|0.0009|0.6091|0.0122|0.4032|0.011|0.5596|0.0428|0.4746|0.0437|0.7716|0.141|0.2255|0.1482|0.8934|0.3074|0.1519|0.3296|0.9534|0.4554|0.0404|0.475|1.0|0.5015|0.0|0.5223|0.958|0.5034|0.0315|0.5248|0.9359|0.4878|0.0606|0.5092|0.7283|0.4625|0.4162|0.4697|0.7578|0.7065|0.4093|0.7136|0.8|0.9293|0.4048|0.9326|0.7618|0.9592|0.4402|0.9617|0.8875|1.0|0.296|0.9995|
0.5136|0.0194|0.5466|0.0|0.5663|0.0003|0.5842|0.0009|0.4791|0.0007|0.4548|0.0013|0.4325|0.0019|0.6062|0.0124|0.399|0.012|0.5545|0.0434|0.4677|0.0448|0.77|0.1421|0.2302|0.1469|0.8911|0.3085|0.1516|0.3302|0.9517|0.4564|0.0412|0.4764|1.0|0.502|0.0|0.5238|0.957|0.5034|0.0276|0.5265|0.9348|0.4883|0.0563|0.5107|0.716|0.464|0.405|0.4676|0.7434|0.7054|0.3994|0.7114|0.801|0.9268|0.4063|0.9311|0.763|0.9561|0.4443|0.9552|0.8829|1.0|0.2859|0.9978|
0.5178|0.0197|0.5505|0.0|0.5701|0.0002|0.5879|0.0008|0.4833|0.0008|0.4589|0.0014|0.4368|0.002|0.6088|0.0117|0.4042|0.0116|0.5585|0.0433|0.4723|0.0444|0.7734|0.1412|0.2306|0.1472|0.8966|0.3068|0.1499|0.3307|0.9556|0.4522|0.0407|0.4776|1.0|0.4985|0.0|0.5245|0.9544|0.4966|0.0293|0.5272|0.9334|0.4856|0.0583|0.5116|0.72|0.4631|0.4147|0.4679|0.7423|0.7058|0.3989|0.7073|0.8044|0.9274|0.4242|0.9323|0.764|0.9568|0.4554|0.9612|0.882|1.0|0.2895|0.9966|
0.5137|0.0193|0.5459|0.0|0.5661|0.0001|0.5837|0.0006|0.4791|0.001|0.4556|0.0016|0.4337|0.0022|0.6052|0.0117|0.4011|0.012|0.5542|0.0433|0.47|0.0442|0.7708|0.1421|0.2229|0.1486|0.893|0.3083|0.1472|0.3305|0.9563|0.4522|0.0419|0.4755|1.0|0.4982|0.0|0.5234|0.9552|0.4962|0.0308|0.5258|0.9345|0.485|0.0616|0.5097|0.7221|0.4557|0.4146|0.4673|0.7497|0.7053|0.3992|0.7048|0.8081|0.9268|0.4212|0.9306|0.7734|0.9525|0.4489|0.9557|0.8796|1.0|0.2939|0.995|
0.5108|0.0192|0.5428|0.0|0.563|0.0001|0.5806|0.0004|0.4761|0.001|0.4528|0.0016|0.4309|0.0022|0.6017|0.0117|0.3988|0.0123|0.5515|0.0426|0.467|0.0437|0.767|0.144|0.2178|0.1504|0.8899|0.3106|0.1416|0.3333|0.9548|0.4561|0.0411|0.479|1.0|0.5026|0.0|0.526|0.955|0.5032|0.0314|0.5288|0.9328|0.4885|0.061|0.5128|0.719|0.4626|0.4122|0.4687|0.7507|0.706|0.4009|0.7049|0.8084|0.9259|0.4248|0.9313|0.7733|0.9515|0.453|0.9605|0.8815|1.0|0.3097|0.9958|
0.5024|0.0189|0.5355|0.0|0.5566|0.0002|0.5745|0.0006|0.4677|0.0011|0.4452|0.0019|0.4234|0.0026|0.5982|0.0124|0.3926|0.0133|0.5449|0.0425|0.46|0.0437|0.7635|0.1443|0.2178|0.152|0.8867|0.3097|0.1371|0.3345|0.954|0.4548|0.0413|0.4799|1.0|0.5012|0.0|0.5274|0.9543|0.5023|0.0312|0.5303|0.9321|0.4877|0.0615|0.5144|0.7142|0.4567|0.4029|0.469|0.7514|0.7046|0.4042|0.7051|0.8103|0.9265|0.4252|0.933|0.7763|0.9525|0.4665|0.9622|0.8854|1.0|0.3095|0.9961|
0.4787|0.0184|0.5136|0.0001|0.5371|0.0005|0.5573|0.0011|0.4459|0.0|0.4229|0.0001|0.4007|0.0004|0.5796|0.0144|0.3697|0.011|0.5189|0.0416|0.4326|0.042|0.7466|0.1454|0.1943|0.1518|0.8768|0.31|0.1231|0.3365|0.9497|0.4572|0.0387|0.4805|1.0|0.5041|0.0|0.5282|0.9596|0.5017|0.0418|0.5301|0.9373|0.4898|0.0702|0.5138|0.6954|0.4566|0.3823|0.4647|0.7466|0.7059|0.3983|0.7077|0.8113|0.9262|0.42|0.9322|0.7769|0.9514|0.4604|0.9559|0.8893|1.0|0.3028|0.9978|
0.4637|0.019|0.4987|0.0004|0.5214|0.0006|0.5426|0.001|0.4316|0.0001|0.4082|0.0|0.3854|0.0|0.5661|0.0139|0.3536|0.01|0.5038|0.0421|0.4177|0.0419|0.7339|0.1443|0.1764|0.1502|0.877|0.3102|0.1084|0.3303|0.952|0.4571|0.0432|0.4789|1.0|0.5036|0.0|0.5264|0.9589|0.5022|0.0434|0.529|0.938|0.4906|0.0725|0.5128|0.6781|0.4576|0.3603|0.4637|0.7494|0.7058|0.4118|0.7035|0.8239|0.9253|0.4337|0.9236|0.7765|0.9505|0.4699|0.9488|0.9167|1.0|0.3244|0.9934|
0.4503|0.0194|0.4889|0.0|0.513|0.0|0.5336|0.0002|0.4176|0.0004|0.3933|0.0006|0.3692|0.0008|0.5576|0.0129|0.3352|0.0114|0.4924|0.0429|0.4024|0.0433|0.7225|0.144|0.1622|0.1543|0.865|0.313|0.0843|0.3373|0.9615|0.4669|0.0327|0.4828|1.0|0.5106|0.0|0.5308|0.9718|0.513|0.0381|0.5328|0.9417|0.5003|0.067|0.5168|0.6779|0.4559|0.3479|0.4651|0.7725|0.7048|0.4031|0.7103|0.8211|0.9269|0.4436|0.9297|0.7679|0.9498|0.4738|0.953|0.9101|1.0|0.319|0.9966|
0.4257|0.0258|0.4636|0.0|0.4877|0.0|0.5095|0.0003|0.3895|0.0003|0.3633|0.0002|0.3391|0.0001|0.5362|0.0067|0.3061|0.0075|0.4661|0.047|0.3795|0.0469|0.6927|0.135|0.1302|0.1481|0.8357|0.3094|0.0683|0.3297|0.9487|0.4642|0.0305|0.4805|1.0|0.5075|0.0|0.528|0.9648|0.5126|0.0474|0.5297|0.9326|0.496|0.0741|0.513|0.6409|0.4525|0.3106|0.4585|0.7511|0.7006|0.3635|0.7065|0.8051|0.9158|0.4587|0.9298|0.7622|0.9375|0.5023|0.9533|0.8791|1.0|0.3264|0.9968|
0.434|0.0274|0.4686|0.0004|0.4915|0.0|0.511|0.0|0.397|0.0028|0.3715|0.0035|0.3462|0.0042|0.5307|0.0073|0.3068|0.0112|0.4748|0.0485|0.386|0.051|0.7033|0.1304|0.1361|0.1447|0.8512|0.3029|0.0686|0.3266|0.9521|0.4644|0.0132|0.4826|1.0|0.51|0.0|0.5317|0.9695|0.5138|0.0341|0.5354|0.9395|0.4978|0.0622|0.5161|0.6573|0.4464|0.3323|0.4566|0.7488|0.6944|0.382|0.7|0.7955|0.9179|0.466|0.9213|0.7539|0.946|0.508|0.9469|0.8627|1.0|0.3193|0.9871|
0.4453|0.027|0.4787|0.0009|0.5026|0.0003|0.5235|0.0|0.4077|0.0031|0.3834|0.0036|0.3589|0.0042|0.5491|0.009|0.3261|0.0113|0.4855|0.0484|0.3975|0.0504|0.7207|0.1268|0.154|0.1406|0.8566|0.2992|0.0871|0.3199|0.954|0.4529|0.028|0.4681|1.0|0.4971|0.0|0.5141|0.9719|0.5011|0.0462|0.5154|0.9422|0.4852|0.0709|0.4995|0.6821|0.446|0.3596|0.4542|0.7487|0.6955|0.3979|0.6853|0.788|0.9129|0.5038|0.8876|0.7612|0.9436|0.5458|0.9128|0.8222|1.0|0.3361|0.9664|
0.4389|0.0296|0.4754|0.0013|0.5011|0.0005|0.5241|0.0|0.4005|0.0029|0.3762|0.0029|0.352|0.0028|0.5618|0.005|0.3226|0.0081|0.4863|0.0527|0.3954|0.054|0.7348|0.1186|0.1702|0.1307|0.8497|0.2861|0.101|0.3036|0.9498|0.4284|0.0294|0.4444|1.0|0.47|0.0|0.4895|0.9737|0.474|0.0427|0.4889|0.9428|0.4588|0.0538|0.4737|0.6868|0.425|0.3581|0.4324|0.736|0.6835|0.3683|0.6524|0.7791|0.9095|0.4911|0.8332|0.7529|0.932|0.5329|0.8563|0.7983|1.0|0.3549|0.9175|
0.4663|0.0297|0.5067|0.0017|0.5324|0.0016|0.5583|0.0014|0.4316|0.0012|0.4092|0.0006|0.3869|0.0|0.6077|0.0039|0.3596|0.0036|0.5145|0.0544|0.425|0.0538|0.7713|0.1198|0.2082|0.1288|0.8802|0.2884|0.1337|0.2985|0.9574|0.4273|0.0366|0.4305|1.0|0.4723|0.0|0.4751|0.9725|0.4759|0.025|0.4733|0.9424|0.4592|0.054|0.4611|0.7029|0.4236|0.387|0.4263|0.7173|0.6778|0.3924|0.6338|0.7601|0.913|0.4924|0.8062|0.7315|0.9351|0.5216|0.8249|0.7584|1.0|0.3558|0.8797|
0.5268|0.0223|0.5629|0.001|0.5801|0.0005|0.5952|0.0|0.5|0.0022|0.4842|0.0019|0.4675|0.0014|0.6145|0.0068|0.4415|0.009|0.5572|0.0424|0.4884|0.0408|0.8021|0.1257|0.2489|0.1228|0.9206|0.2849|0.1443|0.2847|0.962|0.4292|0.0425|0.4165|1.0|0.4747|0.0|0.4629|0.9677|0.4787|0.0373|0.4647|0.9394|0.4612|0.066|0.4522|0.695|0.4274|0.3827|0.424|0.6942|0.6758|0.3459|0.6117|0.7105|0.9193|0.4619|0.7783|0.6806|0.946|0.4876|0.7922|0.7278|1.0|0.3214|0.8507|
0.5514|0.0238|0.5816|0.0045|0.5978|0.0043|0.6165|0.0041|0.5283|0.0016|0.5052|0.0009|0.4879|0.0|0.6302|0.0115|0.4559|0.0106|0.5788|0.0442|0.5099|0.0427|0.7988|0.1369|0.2599|0.1358|0.9169|0.2979|0.1422|0.3026|0.9714|0.4417|0.0382|0.4312|1.0|0.4848|0.0|0.4762|0.9634|0.4887|0.0372|0.4778|0.9492|0.4717|0.0503|0.4628|0.6699|0.4453|0.3712|0.4426|0.6789|0.6805|0.3031|0.6316|0.6841|0.9111|0.4259|0.779|0.6536|0.9454|0.4531|0.7887|0.7103|1.0|0.3271|0.8603|
0.519|0.0255|0.5525|0.0021|0.5765|0.0015|0.5969|0.0|0.4935|0.0028|0.4668|0.003|0.4511|0.0029|0.6328|0.0093|0.4368|0.0114|0.5621|0.0486|0.4888|0.0496|0.8188|0.1376|0.2842|0.1415|0.9321|0.3055|0.1741|0.3058|0.9683|0.4542|0.0422|0.4293|1.0|0.5013|0.0|0.4722|0.9668|0.5029|0.0106|0.4666|0.9494|0.4866|0.0432|0.457|0.6888|0.4568|0.3864|0.4492|0.663|0.696|0.3427|0.6546|0.6499|0.9169|0.4139|0.8051|0.6191|0.9513|0.446|0.8136|0.7097|1.0|0.3295|0.8904|
0.4938|0.0284|0.528|0.0028|0.5542|0.0012|0.5791|0.0|0.4602|0.0084|0.4387|0.0102|0.4207|0.0117|0.6212|0.0071|0.4086|0.0229|0.5543|0.0493|0.4685|0.0546|0.8443|0.1335|0.2829|0.1492|0.9866|0.2928|0.1722|0.3165|0.9817|0.4461|0.0443|0.4439|1.0|0.4938|0.0|0.4885|0.9405|0.4903|0.0235|0.4899|0.9253|0.4778|0.0513|0.4745|0.6967|0.4627|0.3771|0.4521|0.6833|0.7038|0.3014|0.6863|0.6527|0.9214|0.3273|0.8985|0.627|0.9473|0.3792|0.9307|0.7233|1.0|0.2144|0.9822|
0.4708|0.0262|0.4987|0.0027|0.526|0.001|0.5518|0.0|0.4374|0.0078|0.4201|0.0093|0.399|0.0107|0.6023|0.0091|0.3926|0.0227|0.5314|0.0456|0.4507|0.0494|0.8444|0.1285|0.2748|0.1456|1.0|0.2668|0.1656|0.3064|0.9813|0.4137|0.0394|0.4391|0.9846|0.4575|0.0|0.4811|0.9246|0.4527|0.026|0.4789|0.9015|0.4375|0.0547|0.4671|0.6768|0.4477|0.3653|0.4414|0.6786|0.6742|0.2905|0.6716|0.656|0.8816|0.2883|0.9151|0.6213|0.9112|0.3175|0.9338|0.7436|0.9581|0.2004|1.0|
0.4663|0.0203|0.4856|0.0042|0.5108|0.0037|0.5291|0.0|0.4317|0.0083|0.4161|0.0101|0.3885|0.0125|0.5772|0.0168|0.3779|0.0317|0.5163|0.0418|0.4448|0.0455|0.8403|0.1309|0.2697|0.1559|1.0|0.2647|0.1878|0.3082|0.9334|0.4021|0.0445|0.4261|0.9258|0.4475|0.0|0.4652|0.8656|0.4403|0.0451|0.4692|0.8569|0.4232|0.0591|0.4531|0.702|0.4403|0.3648|0.4329|0.6791|0.653|0.2898|0.6706|0.6453|0.8532|0.235|0.908|0.6142|0.8794|0.2744|0.941|0.7288|0.9252|0.1702|1.0|
0.4209|0.0161|0.4459|0.0009|0.4633|0.0004|0.4797|0.0|0.3928|0.0051|0.3674|0.0105|0.3501|0.0129|0.5298|0.0138|0.3513|0.0293|0.4781|0.0385|0.4186|0.0433|0.8154|0.1265|0.2433|0.1569|1.0|0.2519|0.1799|0.3093|0.8996|0.3764|0.0411|0.4247|0.8909|0.4201|0.0|0.4591|0.8303|0.4103|0.0441|0.4624|0.82|0.3929|0.0534|0.4446|0.7057|0.4364|0.3602|0.4339|0.7081|0.6454|0.3123|0.6658|0.6523|0.8276|0.2128|0.9154|0.6159|0.8544|0.2492|0.9366|0.7489|0.9001|0.1705|1.0|
0.4088|0.0103|0.4175|0.0001|0.442|0.0|0.4566|0.0003|0.3649|0.0037|0.3498|0.0059|0.3326|0.0078|0.4959|0.016|0.3246|0.0305|0.4636|0.0332|0.4029|0.036|0.7957|0.135|0.2239|0.1652|1.0|0.2577|0.1749|0.3208|0.8858|0.3719|0.0294|0.4238|0.8749|0.4126|0.0|0.4632|0.8057|0.4013|0.0397|0.4665|0.7984|0.3893|0.0437|0.4487|0.6993|0.4426|0.3535|0.4429|0.7637|0.642|0.3038|0.6766|0.6854|0.8041|0.2079|0.9092|0.6483|0.8266|0.2405|0.9294|0.8135|0.8805|0.1992|1.0|
0.4058|0.0248|0.4117|0.001|0.4375|0.0004|0.4484|0.0|0.3578|0.0117|0.3457|0.0137|0.3323|0.0154|0.4841|0.0183|0.3161|0.0286|0.4668|0.0424|0.4048|0.0476|0.7903|0.1326|0.221|0.1567|1.0|0.2602|0.1946|0.3139|0.9058|0.3706|0.0274|0.4011|0.901|0.4067|0.0021|0.4407|0.8358|0.3979|0.0|0.4216|0.8155|0.3875|0.0389|0.4233|0.7004|0.4452|0.3572|0.4434|0.7762|0.6392|0.2876|0.6892|0.7308|0.783|0.2456|0.9108|0.6979|0.8078|0.286|0.9435|0.8479|0.8678|0.2255|1.0|
0.3266|0.0236|0.3323|0.0044|0.3568|0.0021|0.3758|0.0|0.277|0.0106|0.2627|0.0123|0.236|0.0192|0.4201|0.0092|0.2454|0.0284|0.402|0.0398|0.3112|0.0511|0.7475|0.1264|0.1366|0.1563|1.0|0.261|0.0848|0.312|0.9375|0.3899|0.062|0.4479|0.9321|0.4312|0.0|0.4886|0.857|0.4255|0.0202|0.4705|0.8464|0.4097|0.0643|0.4676|0.6697|0.4578|0.2792|0.4598|0.7558|0.6592|0.2958|0.7042|0.7326|0.7633|0.3355|0.9171|0.6989|0.7839|0.3821|0.9409|0.8274|0.8593|0.2948|1.0|
0.2942|0.0265|0.3248|0.0045|0.349|0.0021|0.3725|0.0|0.2489|0.0144|0.2307|0.0173|0.2133|0.0199|0.425|0.0112|0.2112|0.0306|0.3706|0.0448|0.2889|0.0545|0.7285|0.1287|0.1052|0.169|1.0|0.2628|0.0576|0.3202|0.9606|0.3928|0.0298|0.3912|0.9596|0.4359|0.0|0.4143|0.8815|0.4321|0.0043|0.4051|0.8707|0.4164|0.0428|0.3969|0.6651|0.4705|0.2733|0.47|0.7564|0.698|0.3039|0.7135|0.6951|0.8205|0.3667|0.9227|0.662|0.8382|0.3773|0.9381|0.7402|0.9164|0.3162|1.0|
0.4563|0.0281|0.4778|0.0038|0.4999|0.0018|0.5186|0.0|0.4152|0.0101|0.3962|0.0123|0.377|0.0147|0.5557|0.0061|0.3711|0.0263|0.5074|0.0476|0.4385|0.0552|0.7802|0.1307|0.2615|0.1582|1.0|0.2595|0.181|0.3004|0.9914|0.3947|0.0551|0.3851|0.9998|0.4351|0.0|0.4087|0.9368|0.427|0.0217|0.4035|0.9259|0.4156|0.0368|0.3879|0.7123|0.4702|0.3936|0.4696|0.7854|0.7134|0.4066|0.7117|0.7151|0.9217|0.5198|0.9252|0.6885|0.9285|0.5563|0.9454|0.7813|0.998|0.4438|1.0|
0.495|0.0324|0.5224|0.0043|0.5349|0.0023|0.5552|0.0|0.4792|0.0098|0.4556|0.015|0.4461|0.0164|0.5888|0.0058|0.4513|0.0234|0.5523|0.0481|0.4933|0.056|0.7998|0.1287|0.3489|0.1526|1.0|0.2615|0.2469|0.3052|0.9796|0.4014|0.0634|0.4027|0.9885|0.4419|0.0015|0.4324|0.9354|0.434|0.0|0.4353|0.9152|0.4211|0.0293|0.4193|0.7172|0.4753|0.4449|0.4685|0.7409|0.7257|0.4485|0.7001|0.7401|0.9052|0.5431|0.8807|0.7353|0.9164|0.5846|0.8993|0.718|1.0|0.4653|0.9498|
0.504|0.0272|0.5193|0.0017|0.5393|0.0008|0.5527|0.0|0.4784|0.0038|0.4695|0.0043|0.4485|0.0054|0.5926|0.004|0.4582|0.0114|0.549|0.0493|0.4892|0.0514|0.8186|0.1263|0.371|0.1469|1.0|0.2633|0.2686|0.3137|0.9873|0.4052|0.0685|0.4114|0.9917|0.4478|0.0|0.4489|0.9427|0.4387|0.0143|0.4537|0.9219|0.4257|0.0398|0.4345|0.7127|0.4826|0.4539|0.4769|0.7368|0.73|0.4524|0.7074|0.7522|0.8841|0.5661|0.88|0.7452|0.9033|0.6062|0.8946|0.7348|1.0|0.4586|0.9597|
0.4326|0.0248|0.4712|0.0022|0.4843|0.0014|0.5149|0.0|0.4285|0.0043|0.4077|0.0047|0.4004|0.0047|0.5684|0.004|0.4153|0.0097|0.4874|0.0484|0.4343|0.0498|0.7961|0.1372|0.3517|0.158|1.0|0.2914|0.2459|0.3295|0.9671|0.4346|0.0519|0.4332|0.959|0.4773|0.0|0.4627|0.9017|0.4703|0.0064|0.4685|0.8961|0.455|0.0352|0.4475|0.6738|0.4942|0.409|0.4751|0.6845|0.7428|0.3998|0.7212|0.6919|0.896|0.4561|0.8849|0.6883|0.9116|0.5356|0.8978|0.6428|1.0|0.3542|0.9551|
0.3968|0.0319|0.4277|0.0055|0.4405|0.0038|0.4754|0.0017|0.3867|0.0081|0.3661|0.0079|0.3582|0.0076|0.5397|0.0|0.368|0.008|0.4517|0.0535|0.3995|0.0554|0.7871|0.1262|0.2902|0.1407|1.0|0.2867|0.2335|0.3091|0.9351|0.4277|0.0742|0.4285|0.9233|0.4727|0.0011|0.452|0.865|0.4673|0.0|0.4519|0.8621|0.4497|0.041|0.4352|0.6168|0.4695|0.3429|0.4584|0.6065|0.7356|0.316|0.686|0.6486|0.8711|0.4296|0.8494|0.6582|0.8739|0.4818|0.8537|0.5669|1.0|0.2959|0.918|
0.548|0.0581|0.5877|0.0255|0.5864|0.0044|0.6299|0.0056|0.5363|0.0188|0.5147|0.0143|0.4916|0.0099|0.6221|0.0032|0.447|0.0|0.5313|0.0521|0.4878|0.0679|0.7013|0.1003|0.2125|0.089|0.9252|0.227|0.1403|0.2499|0.9438|0.3457|0.0546|0.3972|1.0|0.3741|0.0|0.4476|0.9505|0.3761|0.0403|0.4474|0.9201|0.3675|0.0738|0.4247|0.5161|0.4492|0.2638|0.4451|0.527|0.7205|0.2325|0.6854|0.4498|0.8655|0.3525|0.8417|0.4485|0.864|0.3934|0.8577|0.381|1.0|0.2304|0.9259|
0.4294|0.0459|0.4601|0.0098|0.4827|0.01|0.5062|0.01|0.4091|0.0076|0.386|0.0052|0.3666|0.0028|0.5333|0.0099|0.3454|0.0|0.4691|0.0672|0.393|0.0633|0.7112|0.0923|0.2015|0.0844|1.0|0.2787|0.1068|0.2779|0.9512|0.5|0.0543|0.4472|0.9648|0.5559|0.0|0.4972|0.9068|0.547|0.0178|0.4976|0.8807|0.5313|0.0589|0.4705|0.5554|0.4743|0.3415|0.4753|0.5054|0.7558|0.3828|0.7478|0.4781|0.9207|0.4769|0.9199|0.4748|0.9404|0.5209|0.9432|0.3652|0.9982|0.4135|1.0|
0.3915|0.0555|0.419|0.0207|0.4555|0.0008|0.4646|0.0|0.3619|0.0218|0.3387|0.021|0.3139|0.0196|0.5134|0.0011|0.2889|0.02|0.4421|0.0484|0.3509|0.075|0.6778|0.0982|0.1418|0.1181|1.0|0.2052|0.0873|0.2897|0.9315|0.1834|0.0248|0.423|0.8911|0.1754|0.0|0.468|0.8616|0.1635|0.0096|0.4522|0.854|0.1712|0.041|0.446|0.5825|0.4813|0.2474|0.4814|0.5458|0.7451|0.2301|0.7153|0.5551|0.8763|0.4001|0.8504|0.5619|0.8986|0.4191|0.8882|0.5002|1.0|0.3072|0.9805|
0.4167|0.04|0.4431|0.0078|0.4662|0.0068|0.4875|0.0055|0.3827|0.0081|0.3596|0.0072|0.3338|0.0061|0.5204|0.0|0.3036|0.0107|0.4704|0.0435|0.3742|0.0618|0.6941|0.0948|0.1387|0.117|1.0|0.2162|0.0616|0.2525|0.8403|0.0716|0.0338|0.3758|0.7759|0.0453|0.0|0.405|0.7218|0.0252|0.0141|0.4048|0.7283|0.0451|0.0557|0.3744|0.5992|0.4843|0.2885|0.4865|0.6286|0.7326|0.3443|0.7319|0.6879|0.8878|0.4872|0.8995|0.7036|0.8843|0.5335|0.9137|0.6584|0.9808|0.456|1.0|
0.3811|0.0424|0.4086|0.0123|0.4313|0.0111|0.4523|0.0102|0.3526|0.0141|0.3018|0.0|0.296|0.002|0.4783|0.0123|0.2572|0.0236|0.4346|0.0597|0.315|0.063|0.6833|0.1313|0.1855|0.1409|0.9525|0.2795|0.1188|0.3146|0.9892|0.3251|0.0316|0.4371|1.0|0.3311|0.0|0.4833|0.9767|0.3199|0.0104|0.483|0.9523|0.3221|0.0461|0.4604|0.5876|0.5043|0.2928|0.5062|0.6271|0.7519|0.2981|0.7386|0.6422|0.8849|0.4657|0.8818|0.6517|0.9003|0.51|0.8935|0.6254|1.0|0.4366|0.9714|
0.5135|0.0342|0.5428|0.004|0.5632|0.0044|0.5853|0.0044|0.4867|0.0025|0.4646|0.0012|0.4408|0.0|0.5993|0.0142|0.4063|0.0085|0.5181|0.0327|0.4635|0.0574|0.7307|0.1187|0.2159|0.1361|1.0|0.2554|0.1313|0.2954|0.9379|0.1925|0.0362|0.4207|0.9183|0.1701|0.0|0.4482|0.9039|0.1515|0.0137|0.4475|0.8841|0.1646|0.0536|0.4425|0.6477|0.4906|0.35|0.4895|0.6443|0.7427|0.3165|0.7298|0.6433|0.9039|0.5235|0.8404|0.644|0.9195|0.5797|0.8446|0.5998|1.0|0.4888|0.9442|
0.5793|0.052|0.6146|0.0164|0.6362|0.0176|0.6561|0.0187|0.5613|0.0099|0.538|0.0059|0.5163|0.0022|0.6678|0.0215|0.4764|0.0|0.6034|0.0772|0.5269|0.0687|0.7869|0.1228|0.2542|0.0936|1.0|0.2835|0.1198|0.2181|0.8997|0.1394|0.0399|0.3031|0.8787|0.13|0.0|0.3243|0.8714|0.1079|0.028|0.3191|0.852|0.1231|0.0628|0.3175|0.6576|0.4947|0.3549|0.4942|0.65|0.7655|0.2836|0.7293|0.6226|0.8905|0.5081|0.838|0.603|0.8982|0.5578|0.835|0.6131|1.0|0.5021|0.955|
0.59|0.0655|0.6275|0.0254|0.6472|0.0262|0.667|0.0275|0.5774|0.0179|0.5561|0.0135|0.5348|0.0091|0.6821|0.0238|0.4998|0.0|0.61|0.0892|0.5386|0.0791|0.7894|0.1312|0.2646|0.0598|1.0|0.2522|0.1041|0.1841|0.8975|0.1712|0.0695|0.3042|0.87|0.1538|0.0|0.2909|0.8546|0.1314|0.0265|0.2867|0.8472|0.1431|0.0561|0.2862|0.6652|0.4941|0.3576|0.4924|0.6915|0.7863|0.2824|0.7444|0.6782|0.8955|0.4978|0.8231|0.6911|0.9122|0.5387|0.8166|0.671|1.0|0.493|0.9408|
0.6136|0.0752|0.6557|0.0284|0.6793|0.0281|0.7013|0.0272|0.5985|0.0238|0.5733|0.0192|0.5499|0.0148|0.7202|0.0165|0.5124|0.0|0.6383|0.095|0.5575|0.0886|0.8018|0.1357|0.2483|0.0657|0.9559|0.2805|0.108|0.2102|0.9731|0.1505|0.0604|0.3638|0.9808|0.1435|0.0|0.4077|1.0|0.1246|0.023|0.4103|0.9709|0.1373|0.063|0.4035|0.6857|0.5155|0.3366|0.4888|0.6299|0.8439|0.2503|0.7964|0.687|0.8988|0.4623|0.8084|0.6858|0.8671|0.4968|0.7865|0.6954|1.0|0.489|0.9181|
0.5874|0.0674|0.6236|0.0281|0.646|0.029|0.6651|0.0299|0.5667|0.0214|0.5433|0.0167|0.5175|0.0116|0.6773|0.0235|0.4734|0.0|0.6051|0.0892|0.5261|0.08|0.7783|0.1186|0.2274|0.0749|1.0|0.2658|0.1082|0.2479|0.8572|0.0739|0.0499|0.3964|0.8404|0.0511|0.0|0.442|0.8293|0.0277|0.0359|0.4459|0.8149|0.0497|0.0683|0.4263|0.639|0.4858|0.2957|0.4768|0.5919|0.7766|0.2411|0.7267|0.5233|0.8987|0.401|0.822|0.511|0.9056|0.4477|0.8213|0.47|1.0|0.3625|0.938|
0.5102|0.0677|0.5494|0.0266|0.5711|0.0264|0.5944|0.0258|0.4876|0.0226|0.4624|0.0186|0.4365|0.0143|0.611|0.015|0.3936|0.0|0.5341|0.0859|0.4511|0.0792|0.7424|0.0697|0.1848|0.0776|1.0|0.2089|0.0842|0.2348|0.883|0.1108|0.0295|0.3898|0.8314|0.077|0.0|0.4374|0.8099|0.0533|0.0405|0.4405|0.7957|0.0709|0.0512|0.4334|0.6138|0.4656|0.2799|0.4575|0.5892|0.7552|0.2044|0.732|0.5532|0.8893|0.3206|0.8314|0.5403|0.8979|0.3636|0.833|0.5121|1.0|0.2695|0.9533|
0.591|0.0706|0.6196|0.0271|0.6361|0.027|0.6542|0.026|0.5682|0.0225|0.545|0.0186|0.5234|0.0139|0.6506|0.0154|0.4701|0.0|0.6032|0.091|0.5303|0.0842|0.7384|0.091|0.2032|0.0897|0.9922|0.2543|0.0742|0.2927|1.0|0.2273|0.0267|0.4744|0.9976|0.2533|0.0|0.5284|0.9724|0.2408|0.014|0.5279|0.9346|0.2468|0.0513|0.5027|0.6094|0.5404|0.2728|0.5213|0.6467|0.8791|0.2601|0.8223|0.553|0.8946|0.2531|0.8621|0.5059|0.8703|0.2576|0.8481|0.5377|1.0|0.2309|0.985|
0.5212|0.0502|0.5556|0.0154|0.5765|0.0156|0.5993|0.0159|0.4989|0.0111|0.4744|0.0079|0.4499|0.0046|0.6107|0.0148|0.4074|0.0|0.5464|0.0719|0.4632|0.0659|0.7323|0.0939|0.1838|0.0848|1.0|0.2583|0.0587|0.2551|0.9494|0.2061|0.0193|0.3782|0.9019|0.2238|0.0005|0.4084|0.8879|0.2036|0.0|0.4107|0.8685|0.2099|0.0569|0.3784|0.569|0.4932|0.2223|0.49|0.5603|0.7707|0.1763|0.7348|0.49|0.895|0.2574|0.8613|0.4762|0.9022|0.2894|0.8657|0.4474|1.0|0.1982|0.9734|
0.3731|0.0245|0.3335|0.0004|0.3324|0.0003|0.3295|0.0|0.3746|0.0041|0.3736|0.0046|0.3723|0.0045|0.2648|0.0058|0.3737|0.0098|0.3287|0.0298|0.3639|0.0331|0.0|0.0946|0.5236|0.1118|0.1879|0.2655|0.7754|0.2594|0.4325|0.3928|0.949|0.3535|0.4798|0.4213|1.0|0.3865|0.4982|0.4264|0.991|0.3732|0.4945|0.422|0.9497|0.3653|0.0987|0.5209|0.3386|0.5326|0.1468|0.7738|0.3299|0.7756|0.1745|0.9554|0.1839|0.9652|0.1667|0.9867|0.1294|1.0|0.2227|0.9948|0.2438|0.9944|
0.4958|0.024|0.5403|0.0038|0.5493|0.0039|0.5841|0.0075|0.4809|0.001|0.4709|0.0017|0.4315|0.0|0.5827|0.014|0.4186|0.0069|0.54|0.0524|0.4775|0.0497|0.6998|0.1446|0.2641|0.1117|0.8491|0.3279|0.0495|0.0672|0.943|0.508|0.0155|0.0654|1.0|0.5403|0.0|0.0559|0.9627|0.5446|0.017|0.0417|0.9463|0.5405|0.0343|0.0492|0.568|0.5158|0.2904|0.5139|0.567|0.7827|0.2357|0.7515|0.5173|0.894|0.1933|0.8304|0.4973|0.891|0.2378|0.8508|0.499|1.0|0.18|0.9532|
0.538|0.0289|0.5932|0.0088|0.6008|0.0082|0.6057|0.0068|0.5283|0.0047|0.4807|0.0006|0.4668|0.0|0.6275|0.013|0.4084|0.0008|0.5794|0.058|0.4778|0.0507|0.7218|0.1226|0.2133|0.1236|0.8836|0.2978|0.159|0.2951|0.9331|0.4571|0.0197|0.4543|1.0|0.5154|0.0|0.4904|0.951|0.5174|0.009|0.4892|0.8997|0.4923|0.0458|0.4834|0.556|0.5052|0.2348|0.5135|0.5535|0.7576|0.065|0.7356|0.5193|0.884|0.2088|0.8308|0.5079|0.8827|0.2594|0.7993|0.539|1.0|0.1867|0.9421|
0.5635|0.1237|0.5802|0.0999|0.5876|0.1004|0.5927|0.101|0.5147|0.0961|0.5061|0.0974|0.4555|0.0953|0.6236|0.1126|0.4313|0.119|0.5748|0.1514|0.5033|0.1478|0.7096|0.2235|0.2369|0.1985|0.8914|0.3495|0.0|0.1238|0.9291|0.485|0.0268|0.0334|1.0|0.5342|0.025|0.0115|0.9414|0.5338|0.0483|0.0|0.9237|0.5113|0.0614|0.0118|0.5732|0.5579|0.2838|0.5674|0.5939|0.7767|0.1908|0.7528|0.5544|0.8834|0.219|0.8851|0.5558|0.9214|0.2455|0.8975|0.574|1.0|0.1712|0.9679|
0.4236|0.0245|0.5047|0.0284|0.5175|0.0|0.5838|0.0038|0.4345|0.0263|0.4057|0.025|0.3769|0.0236|0.5881|0.0319|0.3425|0.0314|0.5092|0.0559|0.4039|0.0521|0.7503|0.1415|0.1208|0.1292|0.9572|0.2911|0.0|0.2941|0.9779|0.394|0.0695|0.4151|1.0|0.4417|0.0804|0.4599|0.9925|0.4445|0.0407|0.4563|0.9298|0.4185|0.1292|0.4271|0.5787|0.5008|0.2399|0.4936|0.5748|0.7173|0.1847|0.7|0.5599|0.9042|0.3416|0.8733|0.5535|0.9229|0.3833|0.8914|0.5223|1.0|0.2684|0.9642|
0.4462|0.042|0.4498|0.014|0.5094|0.0178|0.5169|0.0|0.3726|0.015|0.3626|0.0175|0.3545|0.0207|0.5707|0.0285|0.3159|0.0291|0.5236|0.0712|0.3997|0.0655|0.7482|0.1413|0.2227|0.1865|0.9617|0.2857|0.12|0.3509|0.9779|0.3832|0.0192|0.4532|1.0|0.436|0.0|0.4999|0.9858|0.4377|0.0093|0.4864|0.9272|0.41|0.0496|0.4799|0.7082|0.5124|0.3638|0.5322|0.745|0.7144|0.4044|0.7145|0.7687|0.8796|0.4575|0.8332|0.7543|0.884|0.4875|0.8767|0.7457|1.0|0.373|0.9578|
0.366|0.0225|0.3649|0.0017|0.3737|0.0012|0.411|0.0|0.3093|0.0146|0.3011|0.0163|0.2632|0.0186|0.4209|0.0183|0.2619|0.0255|0.3905|0.0456|0.3271|0.049|0.6455|0.1533|0.2221|0.1793|0.8441|0.3068|0.1555|0.3372|0.9408|0.438|0.0286|0.4707|1.0|0.4739|0.0|0.5128|0.9685|0.4768|0.012|0.5157|0.9538|0.4705|0.0427|0.498|0.6306|0.5064|0.3445|0.5168|0.6683|0.7197|0.3536|0.7139|0.7167|0.8829|0.4216|0.8629|0.7055|0.906|0.4756|0.8803|0.7088|1.0|0.3572|0.9688|
0.3947|0.0306|0.3943|0.0042|0.4052|0.0024|0.4285|0.0|0.3483|0.0114|0.3354|0.0137|0.3069|0.0166|0.4502|0.0089|0.2906|0.0327|0.4361|0.052|0.3686|0.0593|0.657|0.1398|0.2154|0.1758|0.83|0.2783|0.1394|0.3473|0.9416|0.3947|0.0479|0.4833|1.0|0.4307|0.0|0.5278|0.9682|0.4329|0.0104|0.5211|0.9545|0.4226|0.0415|0.5101|0.6409|0.5093|0.3557|0.5244|0.6915|0.7262|0.3979|0.7342|0.7269|0.873|0.4456|0.8981|0.7168|0.8796|0.4791|0.9111|0.7129|0.9809|0.4061|1.0|
0.368|0.0302|0.3887|0.0034|0.4066|0.0017|0.4269|0.0|0.3352|0.0093|0.3141|0.0113|0.2995|0.0122|0.4381|0.0103|0.2787|0.0231|0.414|0.0506|0.3498|0.0543|0.6202|0.1367|0.1834|0.1594|0.7819|0.2676|0.142|0.3311|0.9309|0.3596|0.0374|0.4725|0.9996|0.3823|0.0|0.5179|1.0|0.3822|0.0071|0.5089|0.9585|0.3775|0.0397|0.4988|0.5759|0.4946|0.3181|0.5088|0.6494|0.6934|0.3477|0.7285|0.672|0.8239|0.3875|0.8933|0.6411|0.846|0.3922|0.9094|0.7189|0.9188|0.3674|1.0|
0.4158|0.0251|0.3965|0.0016|0.4025|0.0011|0.4131|0.0|0.3611|0.0033|0.3471|0.004|0.3242|0.0051|0.3953|0.0099|0.2891|0.0171|0.4276|0.0504|0.3764|0.0525|0.5522|0.115|0.1417|0.129|0.7166|0.2354|0.071|0.3008|0.922|0.3337|0.0197|0.4186|1.0|0.3546|0.0|0.4479|0.9971|0.3576|0.0073|0.4489|0.9614|0.3518|0.0423|0.4187|0.488|0.4669|0.2416|0.4746|0.5208|0.6639|0.2119|0.7086|0.5225|0.7825|0.1925|0.877|0.4917|0.8128|0.193|0.925|0.5762|0.8807|0.1854|1.0|
0.3735|0.0257|0.3798|0.0011|0.3914|0.0004|0.4078|0.0|0.3401|0.0038|0.3282|0.0048|0.3086|0.0062|0.4128|0.0074|0.2936|0.0153|0.3958|0.0419|0.3445|0.0447|0.5644|0.1111|0.1788|0.124|0.7143|0.2277|0.1066|0.2747|0.93|0.3302|0.0505|0.3927|0.9993|0.3511|0.0|0.4416|1.0|0.3522|0.0281|0.4419|0.9674|0.3431|0.0428|0.4218|0.4746|0.4541|0.2465|0.4583|0.5259|0.6493|0.2602|0.7018|0.5189|0.7769|0.2563|0.8965|0.4905|0.7833|0.2632|0.9145|0.5658|0.8611|0.2472|1.0|
0.3704|0.0201|0.3857|0.0|0.3948|0.0004|0.4097|0.0013|0.3485|0.0013|0.3367|0.0024|0.3133|0.0041|0.4073|0.0115|0.2946|0.0142|0.3967|0.0367|0.3503|0.0441|0.5502|0.1191|0.1932|0.1246|0.7222|0.225|0.1085|0.2641|0.9256|0.3028|0.0554|0.3461|0.9998|0.3255|0.0|0.3863|1.0|0.3242|0.0292|0.3807|0.9503|0.3144|0.0386|0.3741|0.4653|0.4493|0.241|0.4502|0.5125|0.6288|0.2412|0.6932|0.4897|0.771|0.174|0.8986|0.4678|0.78|0.1848|0.9145|0.5661|0.8748|0.2063|1.0|
0.3585|0.0197|0.3722|0.0007|0.3853|0.0003|0.3966|0.0|0.3342|0.0025|0.3213|0.003|0.308|0.0033|0.4036|0.0088|0.2837|0.0116|0.3774|0.0375|0.3327|0.0379|0.5389|0.1186|0.1757|0.1158|0.755|0.2155|0.0|0.2498|0.9487|0.2776|0.0384|0.2314|1.0|0.2944|0.0312|0.2533|0.9934|0.2976|0.0731|0.2264|0.9637|0.294|0.0735|0.2245|0.4435|0.4526|0.2358|0.4561|0.487|0.6505|0.2512|0.7029|0.4419|0.8079|0.2303|0.9302|0.4124|0.8169|0.2425|0.9467|0.5474|0.8877|0.285|1.0|
0.383|0.0224|0.411|0.0|0.4283|0.0005|0.4438|0.0012|0.359|0.0002|0.3436|0.0005|0.3296|0.0009|0.4625|0.0133|0.3139|0.0114|0.4169|0.0461|0.3544|0.047|0.595|0.1213|0.2137|0.1188|0.8541|0.1989|0.0|0.2135|0.9327|0.2117|0.0334|0.2236|1.0|0.2186|0.0203|0.2518|0.9604|0.2151|0.0633|0.2327|0.9459|0.2148|0.0692|0.229|0.4812|0.457|0.2637|0.4513|0.5184|0.6663|0.28|0.6913|0.4731|0.8295|0.271|0.9159|0.4339|0.8568|0.275|0.9346|0.6201|0.9212|0.298|1.0|
0.5001|0.0239|0.5216|0.0027|0.5347|0.0032|0.5465|0.0036|0.4827|0.0012|0.4688|0.0006|0.4575|0.0|0.5551|0.0127|0.4414|0.0072|0.523|0.047|0.4751|0.0459|0.6483|0.1145|0.3432|0.118|0.848|0.1614|0.1302|0.177|0.9473|0.1614|0.0403|0.1222|1.0|0.1642|0.0|0.1181|0.9892|0.1636|0.0444|0.1106|0.9596|0.1627|0.0444|0.1109|0.5711|0.4573|0.3933|0.4486|0.5765|0.6699|0.3878|0.6828|0.5479|0.8587|0.4094|0.9025|0.5244|0.8898|0.4267|0.9199|0.6263|0.9543|0.3881|1.0|
0.4938|0.0209|0.5209|0.0012|0.5357|0.0018|0.5489|0.0023|0.4726|0.0|0.4565|0.0|0.4404|0.0001|0.5584|0.0137|0.4139|0.0101|0.5224|0.044|0.4627|0.0426|0.6566|0.1181|0.2973|0.1182|0.9145|0.1322|0.0|0.1413|0.9247|0.1251|0.2296|0.1089|1.0|0.1352|0.2876|0.1184|0.9649|0.1341|0.326|0.1107|0.9061|0.1482|0.3144|0.1151|0.5673|0.4672|0.3556|0.4596|0.592|0.688|0.3374|0.693|0.5497|0.8847|0.3941|0.8991|0.5266|0.912|0.4105|0.9167|0.6247|0.9873|0.3702|1.0|
0.5805|0.0169|0.6013|0.0005|0.6158|0.0011|0.632|0.0019|0.557|0.0|0.542|0.0002|0.5239|0.0003|0.643|0.0148|0.4997|0.0115|0.6038|0.0383|0.5479|0.0388|0.7519|0.11|0.3759|0.105|1.0|0.0397|0.0458|0.0243|0.7724|0.086|0.0346|0.0388|0.723|0.1033|0.0|0.0486|0.6832|0.1058|0.0525|0.0358|0.7126|0.1049|0.06|0.0391|0.6612|0.4461|0.4253|0.4316|0.6808|0.6816|0.3653|0.6422|0.6551|0.9018|0.4335|0.8172|0.6344|0.9221|0.4639|0.8412|0.7195|1.0|0.3504|0.9092|
0.5317|0.019|0.5654|0.0018|0.5813|0.0025|0.6018|0.0032|0.5156|0.0006|0.4996|0.0005|0.478|0.0|0.6172|0.0144|0.455|0.0135|0.5633|0.0407|0.5037|0.0396|0.7311|0.1013|0.3209|0.0986|1.0|0.0035|0.0|0.0105|0.7374|0.0224|0.2032|0.0291|0.6668|0.0378|0.292|0.0422|0.6642|0.0574|0.3366|0.0601|0.6673|0.0574|0.3308|0.0579|0.6318|0.4387|0.3566|0.4247|0.6772|0.6866|0.2689|0.6291|0.6751|0.9041|0.3826|0.7908|0.6371|0.9244|0.4223|0.8095|0.7215|1.0|0.2981|0.891|
0.5179|0.0883|0.5462|0.0777|0.5803|0.079|0.5995|0.0799|0.4727|0.0762|0.4535|0.0765|0.432|0.0767|0.6342|0.0881|0.4107|0.0858|0.5479|0.1026|0.4678|0.1036|0.8122|0.1638|0.2202|0.1699|1.0|0.0318|0.0|0.0674|0.6641|0.0068|0.4061|0.0182|0.5844|0.0|0.4756|0.0033|0.5848|0.0234|0.4914|0.0251|0.589|0.024|0.4898|0.0254|0.7198|0.4706|0.3243|0.469|0.7881|0.6961|0.2301|0.6408|0.8439|0.9088|0.3917|0.7845|0.8115|0.9332|0.44|0.7943|0.8849|1.0|0.2406|0.8701|
0.4309|0.0514|0.4947|0.0352|0.5063|0.0349|0.5168|0.0342|0.4156|0.0483|0.4014|0.0364|0.3419|0.0362|0.5768|0.0541|0.3262|0.0536|0.4949|0.0706|0.4125|0.0708|0.7517|0.1246|0.1161|0.1348|1.0|0.0|0.0|0.0243|0.5569|0.0118|0.3862|0.0179|0.4115|0.0016|0.4957|0.0172|0.4133|0.019|0.5062|0.0319|0.4685|0.0328|0.4899|0.0374|0.6738|0.4396|0.26|0.4443|0.7777|0.6652|0.1862|0.621|0.8576|0.8944|0.4067|0.7762|0.8291|0.9189|0.4603|0.7977|0.9086|1.0|0.1889|0.8581|
0.3389|0.0793|0.3991|0.0647|0.4106|0.0634|0.4647|0.0616|0.3186|0.067|0.3038|0.0673|0.2348|0.0666|0.5018|0.0787|0.2194|0.0822|0.4214|0.0954|0.3291|0.096|0.7608|0.1516|0.0424|0.1476|0.9537|0.0193|0.0|0.0209|0.3177|0.0379|0.7074|0.0153|0.1943|0.0372|0.8477|0.0|0.2645|0.0648|0.832|0.014|0.315|0.0547|0.8017|0.027|0.6334|0.4532|0.1407|0.4515|0.7959|0.6804|0.06|0.6308|0.9099|0.9137|0.3592|0.7945|0.8533|0.9269|0.4384|0.8079|1.0|1.0|0.1249|0.8576|
0.2754|0.0256|0.2836|0.0017|0.3552|0.0015|0.3655|0.0|0.1916|0.0062|0.1787|0.0083|0.1641|0.01|0.3927|0.0043|0.1545|0.0287|0.3634|0.0461|0.2635|0.05|0.7047|0.0694|0.0|0.0987|0.8901|0.0138|0.1191|0.1002|0.3239|0.0673|0.6075|0.0763|0.0693|0.0483|0.7609|0.0766|0.0751|0.0662|0.7452|0.0757|0.1621|0.0682|0.683|0.0977|0.6902|0.4172|0.2121|0.4161|0.8301|0.6709|0.1802|0.6399|0.9019|0.9011|0.4835|0.8309|0.8629|0.9302|0.5747|0.8565|1.0|1.0|0.2754|0.9102|
0.4442|0.0805|0.478|0.064|0.4923|0.0636|0.5326|0.0621|0.404|0.0682|0.3544|0.0715|0.3335|0.0729|0.5477|0.0707|0.2555|0.0851|0.5175|0.0884|0.4312|0.0914|0.7939|0.141|0.0627|0.1599|0.9517|0.0|0.0|0.0596|0.5148|0.0193|0.3526|0.0251|0.3863|0.0179|0.5107|0.0257|0.3713|0.028|0.5035|0.0416|0.3779|0.0282|0.4821|0.0492|0.7526|0.4473|0.2946|0.4482|0.8553|0.6835|0.3064|0.6566|0.9544|0.8995|0.5792|0.844|0.9415|0.9268|0.6556|0.8658|1.0|1.0|0.3489|0.915|
0.5117|0.0186|0.5428|0.0|0.5643|0.0002|0.5841|0.0004|0.4783|0.0011|0.4557|0.002|0.437|0.0029|0.6165|0.0121|0.4188|0.0155|0.5558|0.0414|0.4779|0.0442|0.7522|0.1073|0.278|0.1165|1.0|0.0195|0.0|0.0626|0.7963|0.0504|0.0132|0.0079|0.7424|0.0521|0.0927|0.0157|0.6907|0.0577|0.1303|0.0125|0.6955|0.0579|0.127|0.0124|0.7313|0.442|0.4154|0.4519|0.8062|0.7026|0.4334|0.6938|0.8826|0.9165|0.5642|0.9126|0.8623|0.9436|0.6289|0.9372|0.9365|1.0|0.4272|0.9889|
0.509|0.0206|0.5267|0.0|0.5411|0.0005|0.5537|0.0012|0.4889|0.0021|0.4775|0.0037|0.4667|0.0054|0.5764|0.0163|0.456|0.0206|0.5377|0.0438|0.4934|0.0473|0.6791|0.122|0.3826|0.1314|0.8757|0.1077|0.1256|0.1359|0.9661|0.0884|0.0408|0.1018|1.0|0.0742|0.0|0.1018|0.972|0.0769|0.0821|0.108|0.968|0.0866|0.0938|0.1166|0.6575|0.4519|0.4704|0.4624|0.695|0.7038|0.4957|0.7007|0.741|0.9228|0.5474|0.9241|0.7348|0.9497|0.5765|0.9518|0.7867|0.9978|0.4609|1.0|
0.5248|0.022|0.543|0.0003|0.5593|0.0|0.5744|0.0003|0.499|0.0055|0.4851|0.0083|0.4703|0.0115|0.5959|0.0155|0.461|0.0269|0.5628|0.0453|0.5087|0.0504|0.7167|0.1308|0.3837|0.146|0.9264|0.1655|0.1548|0.2176|0.9927|0.1311|0.0409|0.2097|1.0|0.1386|0.0|0.209|0.9951|0.1343|0.028|0.2063|0.9692|0.1391|0.0338|0.2061|0.6929|0.462|0.4876|0.4679|0.733|0.7074|0.5034|0.7047|0.7877|0.9235|0.5605|0.9241|0.7707|0.9493|0.5917|0.9507|0.8465|0.995|0.4684|1.0|
0.3783|0.0274|0.4114|0.0016|0.4362|0.0005|0.4589|0.0|0.3407|0.0072|0.3188|0.0098|0.2985|0.0124|0.5059|0.0131|0.2821|0.0268|0.4396|0.0501|0.3568|0.0545|0.6973|0.1392|0.1646|0.1604|0.8584|0.2349|0.0755|0.2803|0.9481|0.327|0.0|0.3301|1.0|0.3424|0.0282|0.357|0.9484|0.3561|0.0455|0.3501|0.9508|0.3427|0.0721|0.3433|0.6415|0.4627|0.3111|0.4667|0.6986|0.7065|0.3377|0.7055|0.7819|0.9241|0.4127|0.9273|0.7414|0.9483|0.4621|0.951|0.8523|0.9993|0.2796|1.0|
0.4287|0.0243|0.4563|0.0013|0.479|0.0004|0.4984|0.0|0.39|0.0065|0.3682|0.0089|0.3459|0.0115|0.5327|0.011|0.3206|0.0262|0.4819|0.0468|0.4012|0.0516|0.715|0.1372|0.1998|0.1591|0.8467|0.2856|0.1421|0.3192|0.9508|0.4187|0.0502|0.4467|1.0|0.4582|0.0|0.4971|0.9762|0.4623|0.0195|0.4973|0.9622|0.4438|0.0522|0.477|0.6414|0.4565|0.3353|0.4635|0.7066|0.7022|0.3577|0.711|0.7607|0.9163|0.4146|0.9293|0.7228|0.9436|0.4514|0.9502|0.8446|0.989|0.2958|1.0|
0.4661|0.0199|0.4882|0.0|0.5068|0.0|0.5248|0.0004|0.4308|0.0033|0.4095|0.0053|0.3895|0.0072|0.5446|0.0134|0.3641|0.0212|0.5024|0.0428|0.4328|0.0457|0.7159|0.1415|0.2185|0.1603|0.8588|0.2921|0.1439|0.3223|0.9564|0.4285|0.0634|0.4554|1.0|0.4708|0.0|0.5013|0.9863|0.4737|0.0378|0.5031|0.9617|0.4579|0.0668|0.4885|0.6575|0.4546|0.3486|0.4587|0.6926|0.7041|0.3627|0.7119|0.7307|0.9196|0.4014|0.9283|0.6954|0.9464|0.4363|0.9501|0.7899|0.9929|0.2819|1.0|
0.4677|0.022|0.494|0.0|0.5122|0.0002|0.5303|0.0008|0.4386|0.0011|0.4178|0.0019|0.3981|0.0027|0.5508|0.0129|0.3702|0.0156|0.501|0.0443|0.4315|0.0456|0.6965|0.1405|0.2358|0.1549|0.8516|0.2917|0.1518|0.3131|0.9617|0.4295|0.0557|0.4382|1.0|0.4673|0.0|0.4845|0.9879|0.4714|0.0302|0.4859|0.9658|0.4586|0.0596|0.4658|0.6266|0.4535|0.354|0.4609|0.663|0.7003|0.3488|0.7028|0.6991|0.9202|0.3992|0.9239|0.6565|0.9451|0.4285|0.9463|0.7581|0.9965|0.2934|1.0|
0.4591|0.0214|0.4847|0.0|0.5006|0.0003|0.5176|0.001|0.4299|0.0005|0.408|0.0012|0.3896|0.0018|0.531|0.0124|0.3594|0.0137|0.4898|0.0434|0.4195|0.0447|0.6675|0.1377|0.2298|0.151|0.8107|0.2881|0.139|0.3127|0.9555|0.4266|0.0415|0.4437|1.0|0.4627|0.0|0.4842|0.983|0.4675|0.0166|0.4859|0.954|0.456|0.046|0.4725|0.6104|0.4495|0.3486|0.4525|0.6177|0.698|0.3462|0.705|0.6554|0.9167|0.3716|0.9272|0.6256|0.9436|0.4087|0.9494|0.7055|0.995|0.2652|1.0|
0.4589|0.0218|0.4836|0.0|0.4997|0.0|0.5148|0.0003|0.4265|0.0013|0.408|0.0019|0.39|0.0026|0.5303|0.0117|0.3642|0.014|0.4898|0.0427|0.4227|0.0445|0.6636|0.1369|0.2379|0.1547|0.8156|0.2853|0.1514|0.3114|0.9567|0.4214|0.0505|0.438|1.0|0.4576|0.0|0.4819|0.9835|0.4643|0.0266|0.4829|0.9664|0.454|0.0532|0.4657|0.6088|0.4534|0.3496|0.4548|0.6166|0.7039|0.3185|0.7051|0.6474|0.9212|0.3716|0.9292|0.6097|0.949|0.4102|0.9522|0.6814|0.9973|0.2513|1.0|
0.4483|0.0219|0.4756|0.0|0.4942|0.0004|0.5102|0.001|0.4191|0.0006|0.4005|0.0012|0.381|0.002|0.5325|0.0134|0.362|0.0142|0.483|0.0441|0.415|0.0452|0.6694|0.1384|0.2397|0.1566|0.822|0.2867|0.1511|0.3133|0.9602|0.4273|0.0519|0.4452|1.0|0.4611|0.0|0.485|0.9821|0.4672|0.0273|0.4859|0.9549|0.4569|0.0543|0.4727|0.6095|0.4606|0.3497|0.46|0.6136|0.7043|0.3352|0.7093|0.6485|0.9202|0.3702|0.9286|0.6178|0.9463|0.4121|0.9515|0.6839|0.9959|0.2468|1.0|
0.4419|0.0222|0.4695|0.0|0.4885|0.0005|0.5044|0.0011|0.411|0.0003|0.3909|0.0007|0.3708|0.0013|0.5237|0.0133|0.3457|0.0138|0.4753|0.0453|0.404|0.0464|0.6632|0.1385|0.223|0.1572|0.8196|0.2879|0.1394|0.3157|0.95|0.428|0.0412|0.4453|1.0|0.4599|0.0|0.4879|0.9831|0.4662|0.0149|0.4886|0.957|0.4566|0.0426|0.4738|0.6113|0.4548|0.3458|0.4581|0.6102|0.7064|0.3309|0.705|0.6408|0.9208|0.3633|0.9277|0.6144|0.9464|0.4053|0.9501|0.6905|0.9978|0.256|1.0|
0.4396|0.0207|0.4668|0.0|0.4865|0.0004|0.5054|0.001|0.4097|0.0009|0.3906|0.0016|0.3711|0.0027|0.5266|0.0141|0.3513|0.0161|0.4771|0.0443|0.4068|0.046|0.6733|0.1378|0.226|0.1591|0.8286|0.2872|0.1373|0.3163|0.9581|0.4244|0.0407|0.4457|1.0|0.4562|0.0|0.4883|0.9928|0.4608|0.0174|0.4872|0.9688|0.452|0.0444|0.4746|0.6215|0.4547|0.3444|0.458|0.6254|0.7046|0.3398|0.7082|0.6551|0.9215|0.3689|0.9282|0.6285|0.9474|0.4139|0.9508|0.7133|0.9965|0.25|1.0|
END
