START
0.5481|0.019|0.5857|0.0|0.6094|0.0005|0.6341|0.0014|0.5118|0.0006|0.4838|0.0015|0.4597|0.0028|0.6609|0.0159|0.4246|0.0194|0.5966|0.0456|0.4991|0.0459|0.8581|0.1537|0.2521|0.1559|0.9484|0.3283|0.1425|0.3293|0.9892|0.4703|0.0433|0.4745|1.0|0.5208|0.0|0.5162|0.9505|0.5184|0.0363|0.5207|0.9269|0.5021|0.0661|0.5064|0.6842|0.4779|0.3298|0.4738|0.7245|0.7175|0.3132|0.7049|0.7152|0.9188|0.2999|0.8987|0.6432|0.941|0.3415|0.9286|0.804|1.0|0.146|0.978|
0.535|0.0188|0.5718|0.0|0.5951|0.0006|0.6193|0.0015|0.5007|0.0003|0.4739|0.0011|0.451|0.0022|0.6452|0.0156|0.4172|0.0185|0.5822|0.0452|0.486|0.0451|0.8405|0.152|0.2447|0.1553|0.9355|0.3265|0.1374|0.3281|0.9712|0.4687|0.0419|0.4728|1.0|0.5192|0.0|0.5147|0.9333|0.5178|0.0357|0.5193|0.9093|0.5016|0.0646|0.5052|0.6729|0.4695|0.3223|0.464|0.7094|0.711|0.3068|0.7008|0.7025|0.9178|0.291|0.8959|0.6319|0.9399|0.3311|0.9279|0.7852|1.0|0.142|0.977|
0.5514|0.0195|0.588|0.0|0.6117|0.0007|0.636|0.0017|0.5145|0.0002|0.486|0.001|0.4619|0.0023|0.6597|0.0159|0.4248|0.0173|0.5986|0.0461|0.5007|0.0466|0.8572|0.1543|0.2463|0.1552|0.9517|0.3277|0.1386|0.3281|0.9875|0.4691|0.0403|0.4707|1.0|0.5184|0.0|0.513|0.9476|0.5162|0.0361|0.5174|0.9234|0.502|0.0638|0.5028|0.6848|0.4764|0.327|0.4706|0.714|0.7172|0.3102|0.7048|0.7103|0.9213|0.2964|0.8947|0.6376|0.9435|0.3399|0.9255|0.803|1.0|0.1471|0.9739|
0.5535|0.0188|0.5895|0.0|0.6129|0.0007|0.6372|0.0017|0.5171|0.0003|0.4889|0.0012|0.4648|0.0025|0.6618|0.0164|0.4273|0.0178|0.6003|0.0451|0.504|0.0457|0.8585|0.1538|0.253|0.1552|0.9504|0.327|0.1425|0.3281|0.9885|0.4717|0.042|0.4724|1.0|0.5213|0.0|0.5142|0.9486|0.519|0.0371|0.5185|0.9251|0.5048|0.066|0.5041|0.6882|0.477|0.3307|0.4716|0.7158|0.7175|0.3055|0.7001|0.7202|0.92|0.293|0.8938|0.6664|0.9434|0.3372|0.9249|0.8049|1.0|0.143|0.9737|
0.5542|0.0184|0.591|0.0|0.6145|0.0005|0.6391|0.0014|0.5179|0.0006|0.4898|0.0014|0.4651|0.0026|0.6655|0.0157|0.4302|0.0181|0.6029|0.0444|0.5058|0.045|0.8691|0.1516|0.2527|0.1567|0.9411|0.3271|0.1429|0.3303|0.9905|0.4706|0.0429|0.4756|1.0|0.5219|0.0|0.5174|0.9499|0.5201|0.0368|0.5217|0.9283|0.5039|0.0656|0.5075|0.6864|0.4728|0.3299|0.4667|0.7216|0.7143|0.3121|0.707|0.7205|0.9175|0.297|0.8984|0.6693|0.9448|0.338|0.9291|0.8237|1.0|0.1489|0.9798|
0.5407|0.0185|0.5785|0.0|0.602|0.0006|0.6262|0.0015|0.5069|0.0001|0.4798|0.0008|0.4561|0.0016|0.653|0.0148|0.4208|0.0169|0.5875|0.0445|0.4927|0.0438|0.8434|0.1491|0.2451|0.1527|0.9338|0.3242|0.1371|0.3258|0.9723|0.4673|0.0427|0.4712|1.0|0.518|0.0|0.5133|0.9354|0.5169|0.0363|0.5178|0.9134|0.5003|0.0651|0.5033|0.6711|0.477|0.3204|0.4669|0.7068|0.7215|0.305|0.7124|0.7039|0.9206|0.2937|0.8993|0.6556|0.9476|0.3337|0.9289|0.8091|1.0|0.1417|0.9782|
0.5436|0.0189|0.5803|0.0|0.6034|0.0005|0.6272|0.0014|0.5092|0.0001|0.4819|0.0007|0.4582|0.0015|0.6512|0.0144|0.4218|0.015|0.589|0.0447|0.4951|0.0445|0.844|0.1488|0.2444|0.1523|0.9344|0.3244|0.138|0.3274|0.9718|0.4663|0.0441|0.4734|1.0|0.5174|0.0|0.5149|0.9336|0.5162|0.0353|0.5199|0.9105|0.4999|0.0641|0.5055|0.6748|0.478|0.323|0.4726|0.7057|0.7213|0.308|0.7073|0.7035|0.9186|0.2908|0.8984|0.6551|0.9464|0.3306|0.9276|0.8089|1.0|0.148|0.9775|
0.5435|0.0201|0.5797|0.0|0.6029|0.0003|0.6269|0.0009|0.5084|0.0006|0.4813|0.0014|0.4581|0.0024|0.6517|0.0133|0.4213|0.0166|0.5883|0.0454|0.4954|0.0458|0.845|0.1489|0.2435|0.1508|0.9237|0.3246|0.1386|0.3257|0.9724|0.4689|0.0444|0.474|1.0|0.5197|0.0|0.5165|0.9334|0.5184|0.0369|0.5215|0.9107|0.5019|0.0675|0.5079|0.6709|0.4702|0.321|0.4638|0.7049|0.7207|0.3005|0.7066|0.7024|0.9179|0.288|0.8972|0.654|0.9452|0.328|0.9265|0.8056|1.0|0.1442|0.9769|
0.5441|0.0198|0.5814|0.0|0.6048|0.0004|0.6289|0.0012|0.5095|0.0001|0.4824|0.0006|0.4593|0.0014|0.6533|0.0135|0.4217|0.0153|0.5882|0.0454|0.495|0.0451|0.8455|0.1497|0.2426|0.1492|0.9377|0.3261|0.1403|0.3245|0.9749|0.4693|0.0458|0.4727|1.0|0.5208|0.0|0.5151|0.9341|0.5194|0.0363|0.5206|0.9112|0.505|0.0673|0.507|0.669|0.4708|0.3188|0.464|0.7075|0.7161|0.3089|0.702|0.7033|0.9191|0.2955|0.9001|0.6503|0.9463|0.3337|0.9303|0.8052|1.0|0.1563|0.9788|
END
START
0.5434|0.0193|0.5802|0.0|0.6034|0.0005|0.6271|0.0013|0.5097|0.0|0.4831|0.0006|0.4604|0.0013|0.6516|0.0138|0.4253|0.0153|0.5878|0.0448|0.4959|0.0442|0.851|0.1489|0.2455|0.148|0.9392|0.3258|0.1432|0.3244|0.975|0.4703|0.0453|0.471|1.0|0.521|0.0|0.5136|0.9339|0.5192|0.037|0.5191|0.9117|0.503|0.0685|0.5041|0.673|0.47|0.3213|0.4629|0.7331|0.7215|0.3058|0.7054|0.7034|0.9207|0.2933|0.9017|0.6525|0.9475|0.3314|0.9338|0.8048|1.0|0.1424|0.9813|
0.5566|0.0195|0.5945|0.0|0.6186|0.0004|0.6433|0.0012|0.5209|0.0002|0.4936|0.0009|0.4701|0.0017|0.6686|0.0139|0.4345|0.0159|0.603|0.045|0.5082|0.0448|0.8664|0.1503|0.2526|0.1504|0.9578|0.3256|0.1463|0.3248|0.9897|0.4683|0.0473|0.4733|1.0|0.5205|0.0|0.5149|0.9484|0.5182|0.0386|0.5202|0.9261|0.5015|0.071|0.5054|0.687|0.4764|0.3306|0.4697|0.7435|0.7171|0.2999|0.7087|0.715|0.9189|0.3|0.9007|0.662|0.9463|0.3415|0.9337|0.8224|1.0|0.1442|0.98|
0.5476|0.0197|0.5848|0.0003|0.6081|0.0007|0.6319|0.0015|0.5135|0.0|0.4867|0.0004|0.4637|0.0009|0.656|0.0135|0.427|0.0144|0.5905|0.0453|0.4987|0.0443|0.8456|0.1497|0.2456|0.1485|0.9241|0.3252|0.145|0.3243|0.9738|0.4692|0.0457|0.4725|1.0|0.5205|0.0|0.515|0.9343|0.5195|0.0373|0.5205|0.9117|0.5029|0.069|0.5067|0.6738|0.4686|0.3223|0.4626|0.7044|0.7138|0.3045|0.7059|0.7019|0.9183|0.2954|0.9032|0.649|0.9461|0.3338|0.936|0.8034|1.0|0.1418|0.9826|
0.55|0.02|0.5862|0.0|0.6098|0.0003|0.634|0.001|0.5135|0.0007|0.4858|0.0017|0.4624|0.0028|0.659|0.014|0.4255|0.0178|0.5967|0.0456|0.5022|0.0461|0.8579|0.151|0.2463|0.1516|0.9317|0.3268|0.1414|0.3261|0.9744|0.4725|0.0466|0.474|1.0|0.5228|0.0|0.5162|0.9334|0.5218|0.0374|0.5215|0.9115|0.5054|0.0692|0.5078|0.6762|0.4709|0.3219|0.4644|0.7121|0.719|0.3053|0.7089|0.7079|0.9187|0.2925|0.9024|0.6539|0.9468|0.3326|0.9346|0.8093|1.0|0.1465|0.982|
0.5498|0.0189|0.587|0.0|0.6107|0.0005|0.635|0.0014|0.5144|0.0001|0.4872|0.0007|0.464|0.0015|0.6601|0.0143|0.4279|0.0163|0.5963|0.0443|0.5014|0.0439|0.8593|0.1519|0.2455|0.1495|0.9436|0.3274|0.1423|0.325|0.9755|0.4755|0.0463|0.4731|1.0|0.5267|0.0|0.5149|0.9361|0.5228|0.0385|0.5205|0.9137|0.5083|0.0704|0.5071|0.6783|0.4773|0.3204|0.4702|0.7056|0.7179|0.3021|0.7109|0.7027|0.9185|0.293|0.8995|0.6518|0.9463|0.3338|0.9323|0.7921|1.0|0.1436|0.9783|
0.55|0.0191|0.5862|0.0|0.6094|0.0004|0.6332|0.0011|0.5156|0.0|0.4886|0.0005|0.4654|0.0013|0.6561|0.0136|0.4272|0.0157|0.5939|0.0447|0.5014|0.0442|0.8488|0.1518|0.2465|0.1496|0.9349|0.3281|0.1395|0.3277|0.9728|0.4713|0.0452|0.4767|1.0|0.5226|0.0|0.5188|0.9336|0.5215|0.0486|0.5238|0.9119|0.5065|0.0661|0.5099|0.6729|0.4814|0.3192|0.4745|0.7007|0.721|0.301|0.7071|0.7041|0.9222|0.2923|0.898|0.6557|0.9452|0.3263|0.9286|0.8039|1.0|0.1421|0.9773|
0.563|0.0185|0.6007|0.0|0.6248|0.0006|0.6494|0.0014|0.5277|0.0|0.4999|0.0005|0.4756|0.0013|0.6733|0.0142|0.4366|0.0161|0.6092|0.0445|0.5125|0.0437|0.8679|0.152|0.2472|0.1502|0.9413|0.327|0.1372|0.3275|0.9902|0.4694|0.0448|0.4763|1.0|0.5223|0.0|0.5191|0.9512|0.5207|0.0492|0.5244|0.93|0.5035|0.0668|0.5087|0.6863|0.4825|0.328|0.4752|0.7168|0.7196|0.3139|0.7024|0.7205|0.9184|0.301|0.8968|0.6719|0.9423|0.3331|0.9279|0.8141|1.0|0.1452|0.9803|
0.5225|0.0181|0.556|0.0002|0.577|0.001|0.5988|0.0021|0.4911|0.0|0.4665|0.0005|0.4451|0.0013|0.6207|0.0164|0.4131|0.0159|0.5634|0.0442|0.4772|0.0435|0.784|0.1541|0.2573|0.1506|0.8933|0.3128|0.149|0.317|0.9699|0.45|0.048|0.4529|1.0|0.498|0.0|0.4974|0.9554|0.5003|0.0467|0.5009|0.9462|0.4788|0.0774|0.4891|0.6384|0.4706|0.3193|0.4657|0.6948|0.7067|0.2545|0.6966|0.6624|0.9186|0.2825|0.8837|0.6038|0.9395|0.3218|0.9113|0.7292|1.0|0.1534|0.9653|
0.5114|0.02|0.5413|0.0006|0.5592|0.0011|0.5775|0.002|0.4878|0.0|0.4686|0.0004|0.4523|0.0009|0.5982|0.0155|0.4282|0.0139|0.543|0.0459|0.4764|0.0441|0.732|0.1503|0.3029|0.1479|0.8831|0.278|0.1536|0.2839|0.9624|0.3872|0.0487|0.3828|1.0|0.4182|0.0|0.4158|0.9889|0.4167|0.0282|0.4179|0.9638|0.4082|0.058|0.4011|0.6185|0.4757|0.3653|0.4733|0.6758|0.7153|0.3164|0.7061|0.6394|0.9214|0.3367|0.8935|0.5897|0.9482|0.3679|0.925|0.6975|1.0|0.2288|0.9785|
0.4711|0.019|0.4917|0.0|0.5063|0.0003|0.5202|0.0009|0.4475|0.0|0.4321|0.0004|0.4161|0.0011|0.5302|0.0129|0.3946|0.0144|0.4985|0.0447|0.4426|0.0453|0.6538|0.1426|0.274|0.1428|0.9092|0.2052|0.0503|0.2464|0.9613|0.1333|0.0098|0.2074|1.0|0.1298|0.0|0.2022|0.9522|0.1124|0.0064|0.1977|0.943|0.1255|0.0408|0.2016|0.5627|0.462|0.3282|0.4572|0.6421|0.7016|0.2855|0.6946|0.6053|0.9182|0.29|0.8933|0.5571|0.9417|0.3263|0.9207|0.6464|1.0|0.1971|0.9756|
0.4847|0.097|0.5072|0.0799|0.5219|0.0805|0.5358|0.0811|0.4626|0.0804|0.4462|0.0812|0.4319|0.0822|0.5525|0.0938|0.4125|0.0932|0.5118|0.1201|0.4553|0.1216|0.6683|0.2054|0.3157|0.2044|0.907|0.2015|0.0861|0.2413|0.9724|0.061|0.0224|0.1132|1.0|0.0084|0.0|0.0707|0.9742|0.0|0.0291|0.0549|0.965|0.0167|0.0356|0.0706|0.5693|0.5008|0.3468|0.497|0.646|0.7216|0.2952|0.721|0.6762|0.9218|0.2849|0.8887|0.6529|0.9513|0.3101|0.9094|0.6926|1.0|0.2404|0.9743|
0.5096|0.2035|0.5469|0.1889|0.5667|0.1895|0.5865|0.1902|0.4875|0.1879|0.4689|0.1881|0.4492|0.1886|0.6073|0.2007|0.4233|0.1984|0.5434|0.2247|0.4728|0.225|0.7434|0.2885|0.2784|0.2898|1.0|0.1975|0.0|0.2168|0.9555|0.0575|0.111|0.0711|0.9838|0.0072|0.106|0.0294|0.941|0.0|0.1432|0.0258|0.928|0.0226|0.157|0.0377|0.6063|0.5476|0.3212|0.5492|0.7565|0.7528|0.2048|0.7362|0.9102|0.9378|0.112|0.9049|0.8959|0.9575|0.1325|0.9256|0.9524|1.0|0.0099|0.9712|
0.5114|0.1929|0.5486|0.1787|0.5692|0.1801|0.5899|0.1817|0.4949|0.1766|0.4801|0.1768|0.4633|0.177|0.6124|0.1969|0.4424|0.1892|0.5443|0.2162|0.4796|0.2134|0.7428|0.2918|0.2836|0.2856|1.0|0.1896|0.0203|0.2041|0.9344|0.0431|0.1624|0.0496|0.9402|0.0028|0.1815|0.0107|0.8925|0.0|0.2222|0.0096|0.8822|0.0125|0.2286|0.0243|0.6037|0.5663|0.3014|0.5587|0.7367|0.7533|0.1905|0.7333|0.8918|0.9348|0.1103|0.9027|0.8746|0.9574|0.1386|0.9262|0.9579|1.0|0.0|0.9724|
0.4582|0.0427|0.4794|0.0288|0.4919|0.0311|0.5038|0.0337|0.4428|0.0263|0.431|0.0271|0.4185|0.0284|0.5155|0.05|0.4001|0.0446|0.4818|0.0654|0.4353|0.0628|0.6033|0.1653|0.3149|0.1648|0.8271|0.1625|0.1049|0.187|0.9554|0.0565|0.03|0.0695|1.0|0.0134|0.0|0.029|0.9785|0.0|0.0162|0.0245|0.9653|0.0203|0.0331|0.0352|0.5219|0.4653|0.3417|0.464|0.5702|0.6922|0.3075|0.695|0.6044|0.9053|0.2758|0.8896|0.5913|0.9242|0.2901|0.9137|0.6221|1.0|0.1854|0.9762|
0.5691|0.019|0.5885|0.001|0.601|0.002|0.6134|0.0034|0.5519|0.0|0.5392|0.0001|0.5278|0.0004|0.6273|0.0153|0.5121|0.0105|0.5917|0.0451|0.5463|0.0439|0.7303|0.1396|0.4202|0.1342|0.9181|0.2132|0.2143|0.2087|0.9916|0.2268|0.0414|0.1178|1.0|0.2271|0.0|0.0968|0.9873|0.2495|0.0037|0.0882|0.9659|0.2222|0.0343|0.0902|0.6366|0.464|0.4578|0.4614|0.6753|0.6979|0.427|0.6832|0.6553|0.9165|0.4471|0.8924|0.6202|0.9384|0.4667|0.9199|0.6925|1.0|0.3737|0.9764|
0.5148|0.0195|0.5401|0.0021|0.5556|0.0038|0.572|0.0059|0.4944|0.0|0.4782|0.0001|0.4632|0.0006|0.5905|0.0205|0.4385|0.0136|0.5444|0.0458|0.4837|0.0438|0.7205|0.158|0.3135|0.157|0.8936|0.2831|0.1168|0.288|0.9646|0.3931|0.0191|0.3353|1.0|0.4273|0.0|0.3388|0.9691|0.4269|0.0129|0.338|0.955|0.4176|0.02|0.3369|0.6361|0.4687|0.3868|0.467|0.6495|0.7086|0.3489|0.6947|0.6033|0.92|0.377|0.908|0.5612|0.9428|0.4062|0.936|0.6554|1.0|0.2629|0.985|
0.5631|0.0177|0.6041|0.0007|0.6291|0.002|0.6548|0.0036|0.53|0.0|0.5034|0.0006|0.4796|0.0015|0.6867|0.0193|0.4461|0.0178|0.6105|0.044|0.5122|0.0428|0.887|0.1597|0.2707|0.1539|0.964|0.3337|0.1646|0.3324|0.9943|0.4832|0.0514|0.4762|1.0|0.5325|0.0|0.5194|0.9904|0.5324|0.032|0.5237|0.9463|0.5157|0.0644|0.5081|0.7261|0.4808|0.3622|0.4712|0.7379|0.7241|0.3376|0.7044|0.6946|0.9296|0.355|0.9106|0.6313|0.9535|0.391|0.9424|0.7439|1.0|0.1913|0.9808|
0.5383|0.0174|0.5809|0.0|0.6069|0.001|0.6337|0.0023|0.5026|0.0|0.4742|0.0008|0.4494|0.0018|0.6681|0.0181|0.4138|0.0177|0.5895|0.0428|0.4849|0.0422|0.8812|0.1563|0.2279|0.1555|0.945|0.3277|0.127|0.3326|0.9986|0.4648|0.0446|0.4794|1.0|0.5158|0.0|0.5216|0.9848|0.5148|0.0376|0.5248|0.9396|0.5034|0.0675|0.5096|0.7181|0.474|0.3278|0.4661|0.7223|0.7256|0.3054|0.7062|0.6563|0.9282|0.3224|0.9034|0.6025|0.9514|0.3517|0.9308|0.7402|1.0|0.1493|0.9779|
0.552|0.0173|0.595|0.0006|0.6211|0.0019|0.6483|0.0036|0.5161|0.0|0.4879|0.0007|0.4628|0.0018|0.6856|0.0196|0.4283|0.0177|0.6035|0.0432|0.4952|0.042|0.8881|0.1607|0.2427|0.1555|0.9398|0.3331|0.145|0.3348|0.9633|0.4826|0.0431|0.4818|1.0|0.532|0.0|0.5239|0.9567|0.5319|0.0311|0.5282|0.9468|0.5137|0.0611|0.5124|0.7238|0.4798|0.3356|0.4745|0.7106|0.7121|0.3324|0.704|0.6913|0.9229|0.3372|0.8967|0.6317|0.945|0.3757|0.9246|0.7522|1.0|0.1776|0.9726|
0.5189|0.0178|0.5584|0.0002|0.5825|0.0011|0.6068|0.0025|0.4868|0.0|0.4616|0.0007|0.4397|0.0018|0.6418|0.0185|0.4112|0.0177|0.567|0.0433|0.4704|0.0427|0.8471|0.1611|0.2469|0.1548|0.9239|0.3391|0.141|0.3341|0.9755|0.4896|0.0452|0.4804|1.0|0.538|0.0|0.524|0.968|0.5365|0.0335|0.5287|0.9407|0.5187|0.062|0.5143|0.6939|0.4825|0.3437|0.4752|0.7048|0.7186|0.3221|0.7069|0.6503|0.9211|0.3435|0.9038|0.5955|0.9444|0.3681|0.9347|0.7022|1.0|0.1706|0.9723|
0.4979|0.0185|0.5304|0.0|0.5518|0.0004|0.5733|0.0011|0.4652|0.0006|0.4432|0.0014|0.4233|0.0026|0.6019|0.016|0.3987|0.0185|0.5425|0.0425|0.4565|0.0434|0.7902|0.1583|0.2526|0.1565|0.8829|0.3317|0.1544|0.3323|0.9653|0.4729|0.0495|0.4755|1.0|0.5193|0.0|0.5206|0.9597|0.5225|0.0259|0.5239|0.9439|0.5092|0.0547|0.5111|0.654|0.4747|0.3355|0.4665|0.6477|0.7218|0.3376|0.6985|0.6|0.9218|0.3224|0.901|0.5533|0.9435|0.3537|0.9328|0.6643|1.0|0.1935|0.9735|
0.5071|0.0181|0.5404|0.0002|0.5611|0.0009|0.5825|0.0019|0.4767|0.0|0.4537|0.0007|0.4339|0.0016|0.6069|0.016|0.4061|0.0181|0.5472|0.0431|0.4626|0.0428|0.7819|0.1572|0.2534|0.1534|0.8699|0.3258|0.155|0.3289|0.9628|0.4604|0.0501|0.468|1.0|0.5074|0.0|0.5134|0.9648|0.509|0.0256|0.5164|0.9501|0.4914|0.0545|0.5021|0.6415|0.4789|0.3317|0.4712|0.6378|0.7198|0.3119|0.7103|0.595|0.9199|0.322|0.9076|0.5463|0.9412|0.3573|0.9352|0.6602|1.0|0.1913|0.9793|
0.5018|0.0196|0.532|0.0|0.5546|0.0003|0.5743|0.0008|0.4702|0.0008|0.4506|0.0017|0.4307|0.0026|0.6054|0.0146|0.4092|0.0181|0.5429|0.0449|0.4637|0.0443|0.7807|0.1539|0.2651|0.1532|0.881|0.3154|0.1642|0.3239|0.9645|0.4499|0.0547|0.4623|1.0|0.4956|0.0|0.5069|0.9663|0.4971|0.0237|0.5097|0.9523|0.4828|0.054|0.4957|0.6462|0.472|0.3388|0.4628|0.6692|0.7181|0.3335|0.7064|0.6061|0.9215|0.3476|0.9058|0.5627|0.95|0.3639|0.9347|0.6726|1.0|0.2258|0.9786|
0.4964|0.0196|0.5272|0.0|0.5509|0.0004|0.5713|0.0009|0.4638|0.0011|0.4439|0.0021|0.4235|0.0032|0.6037|0.0163|0.4025|0.0191|0.5399|0.0453|0.459|0.0451|0.7759|0.1548|0.2621|0.1582|0.8839|0.3135|0.1614|0.3255|0.9627|0.447|0.0531|0.4637|1.0|0.4926|0.0|0.5088|0.9727|0.4929|0.024|0.5118|0.9503|0.4792|0.0543|0.4973|0.6406|0.4788|0.337|0.47|0.6375|0.7232|0.3415|0.7091|0.6074|0.9185|0.3512|0.9061|0.5667|0.9476|0.3797|0.9335|0.6704|1.0|0.2313|0.98|
0.4843|0.0201|0.5157|0.0|0.5399|0.0001|0.561|0.0005|0.4524|0.0011|0.432|0.002|0.412|0.0029|0.5959|0.0153|0.3922|0.018|0.5263|0.0457|0.4475|0.0453|0.7696|0.1537|0.2556|0.1552|0.8768|0.3144|0.157|0.3235|0.9595|0.4475|0.0521|0.4636|1.0|0.4915|0.0|0.5087|0.9666|0.493|0.0254|0.5116|0.9521|0.4748|0.0552|0.4974|0.6352|0.4773|0.33|0.4642|0.6629|0.7186|0.3335|0.7077|0.6175|0.9167|0.3407|0.9093|0.5629|0.9395|0.3585|0.9351|0.688|1.0|0.2145|0.9811|
0.4886|0.0192|0.5209|0.0|0.5453|0.0003|0.5665|0.0008|0.4569|0.0002|0.4361|0.0006|0.4157|0.0013|0.601|0.0156|0.3948|0.016|0.5281|0.0449|0.4494|0.0438|0.7784|0.1516|0.2539|0.1529|0.8864|0.3131|0.1524|0.3214|0.9615|0.4525|0.0505|0.4615|1.0|0.4995|0.0|0.5071|0.9592|0.5002|0.0353|0.5101|0.9294|0.4836|0.0565|0.4967|0.642|0.4741|0.3284|0.4663|0.669|0.7163|0.3276|0.7072|0.6219|0.9233|0.3409|0.8997|0.5654|0.9456|0.3609|0.9258|0.6949|1.0|0.2124|0.9718|
0.4862|0.0196|0.5207|0.0|0.5462|0.0004|0.568|0.001|0.4552|0.0002|0.4342|0.0007|0.4135|0.0013|0.6054|0.0158|0.3928|0.0158|0.527|0.0458|0.4468|0.0444|0.7853|0.1517|0.2494|0.1507|0.8957|0.3199|0.1469|0.3213|0.9683|0.4621|0.0489|0.4627|1.0|0.5094|0.0|0.508|0.9552|0.511|0.0352|0.5112|0.9278|0.4979|0.0556|0.4973|0.6504|0.4702|0.3286|0.4632|0.6487|0.7122|0.3232|0.7004|0.627|0.9225|0.3295|0.8986|0.5686|0.9463|0.3612|0.9274|0.6822|1.0|0.193|0.9722|
0.4875|0.0198|0.5233|0.0|0.5493|0.0004|0.5717|0.0011|0.4565|0.0002|0.4351|0.0006|0.4146|0.0011|0.6091|0.0161|0.3929|0.0151|0.5284|0.0463|0.4475|0.0446|0.7907|0.1529|0.2472|0.1508|0.898|0.3227|0.1449|0.3228|0.9726|0.4717|0.0468|0.4648|1.0|0.5188|0.0|0.5086|0.9541|0.5188|0.0356|0.5121|0.9288|0.5026|0.0546|0.4984|0.6605|0.4736|0.3337|0.4652|0.647|0.7186|0.3281|0.7119|0.6309|0.9218|0.3398|0.9043|0.5725|0.9442|0.3662|0.9332|0.6858|1.0|0.1968|0.9739|
0.4891|0.0197|0.5244|0.0|0.55|0.0006|0.5721|0.0014|0.4579|0.0|0.4368|0.0005|0.4156|0.0011|0.6093|0.0167|0.3923|0.016|0.5298|0.046|0.4481|0.0446|0.7875|0.1526|0.2446|0.1532|0.8929|0.322|0.1414|0.3261|0.9683|0.4687|0.0455|0.4708|1.0|0.5166|0.0|0.5148|0.9563|0.5146|0.0365|0.5189|0.9297|0.5014|0.0548|0.5044|0.6565|0.4734|0.3312|0.4683|0.6456|0.7156|0.3323|0.7108|0.6149|0.9198|0.3394|0.9027|0.5721|0.9435|0.3633|0.9285|0.6841|1.0|0.2023|0.977|
0.494|0.02|0.5297|0.0|0.5559|0.0005|0.5786|0.0012|0.4614|0.0006|0.4401|0.0014|0.4181|0.0023|0.6167|0.0163|0.3955|0.0179|0.5386|0.0459|0.4526|0.0449|0.8028|0.1544|0.2444|0.1537|0.9035|0.3264|0.1427|0.329|0.975|0.4717|0.0467|0.4725|1.0|0.5205|0.0|0.5164|0.9573|0.5199|0.0355|0.5209|0.9319|0.5043|0.0541|0.507|0.6642|0.4787|0.3284|0.4734|0.6582|0.7223|0.3312|0.7137|0.626|0.9261|0.3335|0.908|0.5812|0.9495|0.3663|0.9354|0.6899|1.0|0.1991|0.9787|
END
START
0.513|0.0201|0.5461|0.0|0.5701|0.0002|0.5916|0.0007|0.4778|0.0014|0.4551|0.0026|0.4334|0.0039|0.6225|0.0144|0.4061|0.0201|0.56|0.0453|0.4708|0.0456|0.8149|0.1564|0.2481|0.1582|0.9155|0.3295|0.1509|0.3331|0.9731|0.4786|0.0497|0.4761|1.0|0.5266|0.0|0.5199|0.9449|0.5263|0.0378|0.5251|0.9306|0.5099|0.0649|0.511|0.673|0.4812|0.3355|0.4747|0.6703|0.7246|0.3417|0.7145|0.6384|0.9255|0.3332|0.9109|0.5961|0.9522|0.3706|0.9375|0.704|1.0|0.1944|0.9808|
0.5117|0.0201|0.5462|0.0|0.5724|0.0002|0.5951|0.0006|0.4764|0.0015|0.4546|0.0024|0.4319|0.0035|0.6294|0.0153|0.4073|0.0187|0.5593|0.0451|0.4702|0.0449|0.8254|0.152|0.2509|0.1538|0.9172|0.3293|0.1474|0.3293|0.9722|0.4793|0.0494|0.4727|1.0|0.5277|0.0|0.5174|0.9463|0.5274|0.0437|0.5223|0.9316|0.5116|0.0722|0.5077|0.677|0.4741|0.332|0.4684|0.6709|0.7192|0.3386|0.7089|0.6518|0.9215|0.3493|0.9059|0.5967|0.9447|0.3706|0.9337|0.7071|1.0|0.1877|0.9784|
0.5166|0.0198|0.5516|0.0|0.5776|0.0003|0.6008|0.0009|0.4803|0.0012|0.4567|0.0022|0.4334|0.0032|0.6342|0.0152|0.4066|0.0175|0.564|0.0452|0.471|0.0452|0.8309|0.156|0.2407|0.1554|0.9105|0.3332|0.1349|0.3317|0.9738|0.486|0.0391|0.4769|1.0|0.5341|0.0|0.5207|0.9474|0.5334|0.0364|0.5255|0.9333|0.5167|0.0656|0.5118|0.6845|0.483|0.3302|0.4726|0.6807|0.7248|0.3393|0.7153|0.6619|0.9268|0.3424|0.9122|0.6054|0.9492|0.3646|0.9375|0.7203|1.0|0.1837|0.9828|
0.5311|0.0196|0.567|0.0|0.5916|0.0004|0.6145|0.001|0.4952|0.0004|0.4713|0.0011|0.4481|0.0018|0.6443|0.0158|0.4182|0.016|0.5759|0.0452|0.4847|0.0444|0.8394|0.153|0.2542|0.1493|0.91|0.3306|0.1528|0.3305|0.9727|0.4817|0.0469|0.4772|1.0|0.5324|0.0|0.5214|0.9473|0.5318|0.0494|0.5254|0.9242|0.5154|0.0767|0.5122|0.6942|0.4747|0.3413|0.4703|0.6855|0.7136|0.3513|0.71|0.6608|0.923|0.3593|0.9114|0.6063|0.9478|0.3783|0.9401|0.7453|1.0|0.2041|0.985|
0.5304|0.0197|0.5685|0.0003|0.5929|0.001|0.6167|0.002|0.4947|0.0|0.4697|0.0005|0.4464|0.0011|0.6442|0.0151|0.4146|0.0155|0.5754|0.046|0.4813|0.0446|0.8394|0.1525|0.2466|0.1501|0.9193|0.3329|0.1394|0.3309|0.977|0.488|0.0365|0.478|1.0|0.5371|0.0|0.5224|0.9434|0.5355|0.04|0.5263|0.9218|0.5189|0.0682|0.513|0.6947|0.4807|0.3373|0.4718|0.711|0.7207|0.3448|0.7123|0.6666|0.9213|0.3466|0.9082|0.609|0.9447|0.3688|0.9341|0.745|1.0|0.1957|0.9795|
0.5255|0.0198|0.5624|0.0001|0.5875|0.0007|0.611|0.0016|0.4885|0.0|0.4638|0.0006|0.4404|0.0014|0.642|0.0155|0.4133|0.0161|0.5742|0.0452|0.4778|0.0449|0.8371|0.1551|0.2487|0.1549|0.9312|0.3332|0.1486|0.3347|0.9811|0.4915|0.0487|0.4803|1.0|0.5398|0.0|0.5241|0.9457|0.5382|0.0477|0.5284|0.9334|0.5215|0.0759|0.5151|0.6955|0.4758|0.3419|0.472|0.6866|0.7223|0.346|0.7138|0.6641|0.9227|0.3489|0.9063|0.6098|0.9449|0.3723|0.9321|0.7188|1.0|0.1887|0.9801|
0.5329|0.0213|0.5684|0.0|0.5915|0.0002|0.6159|0.0007|0.4949|0.0013|0.4678|0.0024|0.445|0.0039|0.6458|0.0148|0.414|0.0195|0.5834|0.0465|0.4867|0.0482|0.8493|0.1557|0.2588|0.158|0.9374|0.3352|0.1506|0.3364|0.982|0.4915|0.0518|0.4814|1.0|0.5394|0.0|0.525|0.9457|0.5388|0.0457|0.5297|0.9344|0.5217|0.0753|0.5151|0.7016|0.4854|0.353|0.4752|0.7133|0.7288|0.3398|0.7115|0.6579|0.9203|0.3485|0.9037|0.6058|0.942|0.3741|0.9306|0.7137|1.0|0.1949|0.9794|
0.5208|0.0195|0.5564|0.0|0.5805|0.0|0.6052|0.0004|0.4836|0.0019|0.4571|0.0036|0.4347|0.0052|0.6376|0.0162|0.4062|0.0222|0.5737|0.044|0.4802|0.0471|0.856|0.1619|0.2552|0.1648|0.9444|0.3426|0.136|0.3403|0.9798|0.5003|0.0494|0.4856|1.0|0.5474|0.0|0.5294|0.9412|0.5464|0.0324|0.5341|0.927|0.5285|0.0642|0.5191|0.701|0.4889|0.3517|0.4829|0.7036|0.7351|0.3208|0.7106|0.6299|0.92|0.3114|0.8955|0.5862|0.942|0.3504|0.9205|0.6898|1.0|0.1653|0.97|
0.5118|0.0262|0.5408|0.0023|0.5683|0.001|0.5926|0.0|0.4714|0.0079|0.4502|0.0101|0.4283|0.0123|0.6398|0.0105|0.4139|0.0275|0.5744|0.0483|0.4817|0.0542|0.9038|0.1533|0.2855|0.1668|1.0|0.3409|0.1571|0.3432|0.9902|0.4992|0.0513|0.4894|0.9888|0.5464|0.0|0.5317|0.937|0.5442|0.0446|0.5378|0.916|0.528|0.0731|0.5238|0.7414|0.4771|0.3736|0.4722|0.7168|0.7303|0.2867|0.7065|0.6266|0.9147|0.3214|0.8871|0.592|0.9383|0.3649|0.9133|0.6662|1.0|0.184|0.9609|
0.4404|0.0238|0.4701|0.0026|0.4949|0.0011|0.5219|0.0|0.4097|0.0088|0.3915|0.0113|0.372|0.0142|0.5882|0.0135|0.3612|0.0309|0.511|0.0469|0.4251|0.0521|0.8725|0.1492|0.2622|0.1735|0.9829|0.3308|0.1518|0.3432|0.9829|0.4877|0.0426|0.4916|1.0|0.5333|0.0|0.5328|0.9355|0.5329|0.0314|0.5382|0.9108|0.5151|0.0586|0.5228|0.7324|0.4767|0.3611|0.4727|0.6639|0.7241|0.2653|0.7133|0.6084|0.9138|0.2456|0.922|0.5777|0.9385|0.3044|0.9453|0.6503|0.9877|0.1161|1.0|
0.4084|0.0271|0.4333|0.0044|0.4587|0.002|0.4838|0.0|0.3759|0.0125|0.3553|0.015|0.3331|0.0173|0.5541|0.0099|0.334|0.0283|0.4751|0.0473|0.3968|0.0536|0.8668|0.1396|0.2408|0.1635|0.9829|0.3089|0.1396|0.3274|0.9805|0.4687|0.0388|0.4719|1.0|0.5125|0.0|0.5137|0.941|0.5116|0.0377|0.518|0.9142|0.4936|0.0649|0.5024|0.7236|0.4566|0.3574|0.4518|0.6631|0.6911|0.2448|0.6934|0.5852|0.8605|0.1926|0.9151|0.5495|0.8867|0.2345|0.9416|0.6719|0.9389|0.0488|1.0|
0.4005|0.0268|0.4291|0.0037|0.4513|0.0016|0.4767|0.0|0.3669|0.0101|0.345|0.0125|0.3258|0.0147|0.5425|0.0102|0.3236|0.0277|0.4659|0.0465|0.3861|0.0522|0.8504|0.1376|0.2233|0.1588|0.9684|0.3101|0.138|0.3251|0.9702|0.4634|0.0444|0.4643|1.0|0.5105|0.0|0.5061|0.9446|0.5081|0.0461|0.5106|0.9294|0.4903|0.0639|0.4949|0.7108|0.4486|0.3452|0.4446|0.6926|0.6751|0.2493|0.6821|0.6188|0.8285|0.1663|0.9098|0.5975|0.8449|0.203|0.9405|0.6985|0.9022|0.0093|1.0|
0.373|0.0215|0.4059|0.002|0.4311|0.0009|0.4542|0.0|0.3415|0.0066|0.3235|0.0084|0.3071|0.01|0.5172|0.0099|0.3165|0.025|0.4398|0.0409|0.3609|0.0462|0.8081|0.1325|0.2077|0.1644|0.9515|0.3009|0.1387|0.3276|0.9834|0.4594|0.0491|0.4789|1.0|0.5085|0.0|0.5208|0.9621|0.5023|0.0411|0.5237|0.9335|0.4902|0.0633|0.5083|0.7242|0.4472|0.3618|0.4509|0.7127|0.6723|0.2501|0.6841|0.6489|0.8066|0.1822|0.9081|0.6276|0.8206|0.2226|0.9393|0.7293|0.8831|0.0428|1.0|
0.3216|0.023|0.3632|0.0024|0.3846|0.0013|0.4117|0.0|0.3113|0.0048|0.2994|0.0053|0.2794|0.006|0.489|0.0065|0.2999|0.0163|0.389|0.0427|0.3215|0.0443|0.7852|0.1237|0.1738|0.1617|0.9353|0.2936|0.1088|0.3309|0.9652|0.4599|0.0427|0.4841|1.0|0.5004|0.0|0.5232|0.9406|0.5015|0.041|0.5256|0.9266|0.4849|0.0712|0.5089|0.6971|0.4475|0.3434|0.4538|0.7309|0.6613|0.246|0.6939|0.6639|0.8047|0.1759|0.9054|0.6354|0.8164|0.2176|0.9318|0.7511|0.883|0.0227|1.0|
0.3587|0.0278|0.3763|0.0032|0.4055|0.0014|0.4266|0.0|0.3163|0.0063|0.2999|0.0071|0.2728|0.0088|0.4732|0.0034|0.2641|0.0172|0.4141|0.0449|0.3306|0.0498|0.7424|0.1174|0.1102|0.1517|0.8634|0.2984|0.0641|0.3317|0.9522|0.4415|0.0407|0.4966|1.0|0.4952|0.0|0.5409|0.9514|0.4955|0.0388|0.5417|0.9163|0.4808|0.0699|0.5249|0.6781|0.4412|0.3198|0.4534|0.7779|0.6692|0.2714|0.7007|0.7028|0.7938|0.242|0.9166|0.6799|0.8048|0.2659|0.9435|0.7803|0.8821|0.1069|1.0|
0.4153|0.0218|0.3909|0.0035|0.357|0.0059|0.3407|0.0076|0.4317|0.0012|0.4682|0.0002|0.4816|0.0|0.3257|0.0214|0.5232|0.0126|0.4042|0.0472|0.4705|0.0434|0.1955|0.1722|0.8563|0.1465|0.09|0.3574|0.9397|0.3203|0.0241|0.5143|0.9924|0.4764|0.0|0.5565|1.0|0.5275|0.0223|0.553|0.9407|0.5263|0.0687|0.5378|0.9289|0.5068|0.4348|0.4826|0.6796|0.4763|0.3649|0.7237|0.7252|0.73|0.3194|0.9612|0.66|0.9441|0.3169|0.9949|0.6385|0.9898|0.2035|1.0|0.701|0.9882|
0.4348|0.0188|0.4202|0.0015|0.4067|0.0022|0.3934|0.0025|0.483|0.0001|0.4958|0.0001|0.5061|0.0|0.3564|0.0209|0.5475|0.0155|0.4222|0.042|0.4914|0.0394|0.2465|0.1549|0.8091|0.1471|0.1095|0.3268|0.9508|0.3124|0.0287|0.4721|0.9819|0.4343|0.0|0.5124|1.0|0.4695|0.0205|0.5109|0.9731|0.4674|0.0564|0.4958|0.9578|0.459|0.4033|0.466|0.7003|0.46|0.324|0.6832|0.6843|0.7175|0.2995|0.8879|0.6238|0.9597|0.304|0.9283|0.6068|1.0|0.1625|0.9356|0.6086|0.9896|
0.4509|0.0205|0.4221|0.003|0.4105|0.0041|0.3992|0.005|0.4712|0.0006|0.484|0.0005|0.5111|0.0|0.3928|0.0156|0.5274|0.0111|0.439|0.0372|0.4804|0.041|0.2895|0.1454|0.735|0.1462|0.1546|0.3034|0.8876|0.2893|0.0416|0.43|0.9704|0.4057|0.0|0.469|1.0|0.4437|0.0178|0.4654|0.9832|0.4298|0.0394|0.4548|0.951|0.4249|0.4084|0.461|0.5988|0.4596|0.3802|0.6874|0.6037|0.7135|0.3755|0.8692|0.5529|0.9541|0.4148|0.9058|0.5505|0.9927|0.3076|0.9123|0.5318|1.0|
0.467|0.0186|0.4715|0.0015|0.4751|0.0019|0.5024|0.0034|0.4411|0.0003|0.4382|0.0007|0.4078|0.0|0.5059|0.0107|0.4011|0.0106|0.4739|0.0415|0.4353|0.0408|0.7119|0.1382|0.2099|0.1315|0.9833|0.2306|0.0|0.2501|0.9982|0.2373|0.0084|0.2491|1.0|0.236|0.0542|0.2651|0.982|0.1995|0.0795|0.2507|0.9764|0.2016|0.0847|0.2508|0.5589|0.454|0.314|0.4579|0.5595|0.7046|0.2584|0.6787|0.4971|0.9061|0.3162|0.8573|0.489|0.9219|0.3478|0.8678|0.5269|1.0|0.224|0.9287|
0.3187|0.0383|0.3393|0.002|0.3325|0.001|0.3239|0.0|0.3403|0.0158|0.339|0.0161|0.3335|0.0162|0.2993|0.0145|0.2909|0.0179|0.3145|0.0461|0.3181|0.0478|0.0647|0.1355|0.6151|0.1534|0.4532|0.1916|1.0|0.22|0.543|0.0828|0.8966|0.0946|0.4878|0.0478|0.9127|0.0538|0.6034|0.0436|0.7818|0.0427|0.6379|0.059|0.7652|0.0587|0.2314|0.472|0.3082|0.4737|0.3061|0.7126|0.2917|0.7116|0.3598|0.9256|0.0|0.9095|0.3533|0.9464|0.0789|0.9477|0.6403|0.9736|0.1119|1.0|
0.7235|0.0232|0.7289|0.0008|0.7293|0.0003|0.7299|0.0|0.6378|0.0022|0.6353|0.0024|0.6307|0.0025|0.7165|0.0185|0.5171|0.0244|0.7124|0.0457|0.6114|0.048|0.6709|0.1465|0.272|0.1339|0.5572|0.1758|0.0|0.134|0.1203|0.0857|0.3806|0.0468|0.0667|0.042|0.6799|0.0133|0.1334|0.0427|0.7294|0.0091|0.1829|0.0534|0.5271|0.0414|0.7121|0.478|0.4122|0.4708|0.7539|0.7276|0.301|0.7071|0.7607|0.9436|0.2352|0.9092|0.7007|0.9606|0.2309|0.9454|1.0|1.0|0.3631|0.9943|
0.5689|0.039|0.6254|0.0151|0.6318|0.0152|0.6373|0.0153|0.5572|0.0197|0.505|0.0239|0.4972|0.0242|0.6352|0.0331|0.4929|0.0305|0.6168|0.0605|0.5511|0.0626|0.7962|0.1394|0.3384|0.135|0.7456|0.1843|0.0|0.0711|0.7709|0.1618|0.1482|0.0182|0.791|0.1554|0.1762|0.0|0.8031|0.1607|0.2239|0.0037|0.7804|0.1646|0.2179|0.013|0.7681|0.456|0.4762|0.463|0.9485|0.6878|0.4575|0.6849|0.9366|0.9036|0.5074|0.8953|0.8659|0.9273|0.524|0.9197|1.0|1.0|0.4369|0.9833|
0.3163|0.1294|0.3022|0.1125|0.3014|0.1128|0.3015|0.1131|0.3023|0.1131|0.3016|0.1136|0.3128|0.1283|0.3037|0.1183|0.2918|0.1405|0.3134|0.1482|0.3164|0.1493|0.4803|0.1979|0.2044|0.2208|0.835|0.1573|0.0|0.1921|1.0|0.029|0.1614|0.1222|0.9839|0.0019|0.2816|0.1021|0.9629|0.0|0.2372|0.0996|0.9471|0.0278|0.2376|0.1168|0.4585|0.5147|0.3283|0.5204|0.5141|0.7029|0.3769|0.7428|0.4559|0.917|0.2733|0.9178|0.4612|0.9436|0.3175|0.9512|0.6007|1.0|0.433|0.9951|
0.5106|0.0413|0.543|0.0174|0.5477|0.018|0.5526|0.0184|0.5039|0.0172|0.4751|0.0|0.4533|0.0137|0.5517|0.0209|0.4145|0.0262|0.5425|0.0608|0.4691|0.0647|0.7156|0.1389|0.2489|0.1356|1.0|0.2299|0.0|0.233|0.9134|0.1166|0.138|0.1203|0.8567|0.0833|0.1805|0.0974|0.8377|0.0783|0.18|0.0829|0.8393|0.0828|0.1879|0.0992|0.6072|0.4471|0.3414|0.457|0.6556|0.6865|0.3059|0.684|0.6918|0.9255|0.2551|0.9085|0.6484|0.9461|0.281|0.9322|0.6978|1.0|0.2125|0.9993|
0.3189|0.024|0.3699|0.0009|0.3766|0.0008|0.3825|0.0008|0.3135|0.0057|0.2728|0.0099|0.268|0.0102|0.4369|0.0|0.2705|0.017|0.3713|0.0441|0.3155|0.0461|0.6217|0.1025|0.1653|0.0948|0.8419|0.222|0.0|0.2101|0.9474|0.3126|0.0009|0.2065|1.0|0.342|0.025|0.2248|0.9575|0.3431|0.0278|0.2099|0.9518|0.3406|0.0347|0.2082|0.5512|0.4332|0.2683|0.4229|0.6137|0.6626|0.2051|0.6578|0.6644|0.9085|0.2087|0.8963|0.6433|0.9331|0.2378|0.9216|0.7039|1.0|0.1331|0.9977|
0.5872|0.021|0.6164|0.002|0.6262|0.0033|0.6505|0.0044|0.5717|0.0002|0.5428|0.0|0.528|0.0|0.649|0.0224|0.4972|0.0205|0.6113|0.0554|0.5581|0.0529|0.8506|0.1705|0.3202|0.1465|0.9219|0.3428|0.1625|0.3026|0.9687|0.4601|0.0519|0.4534|1.0|0.4924|0.0|0.4899|0.976|0.4875|0.0527|0.5011|0.9421|0.4767|0.0705|0.4855|0.6661|0.4701|0.4064|0.4682|0.6906|0.7103|0.3493|0.7068|0.7047|0.914|0.339|0.9085|0.687|0.9385|0.3753|0.9372|0.7641|1.0|0.2066|0.9798|
0.6594|0.0279|0.6758|0.0078|0.704|0.0092|0.7148|0.0105|0.6321|0.0059|0.6233|0.0058|0.6148|0.0|0.7447|0.0227|0.5727|0.0188|0.6722|0.0538|0.6141|0.0499|0.9531|0.164|0.353|0.1433|1.0|0.347|0.1869|0.3148|0.9452|0.4678|0.0587|0.4622|0.9531|0.505|0.0|0.5055|0.9254|0.5003|0.0324|0.5096|0.8992|0.4871|0.0717|0.5004|0.7583|0.4603|0.4307|0.4537|0.746|0.71|0.4101|0.7117|0.771|0.9197|0.384|0.9111|0.7302|0.946|0.4253|0.9429|0.873|1.0|0.2434|0.9859|
0.6162|0.0223|0.6579|0.0051|0.6752|0.0069|0.7032|0.0087|0.5968|0.0013|0.5698|0.0006|0.5555|0.0|0.7017|0.0244|0.5208|0.0162|0.6527|0.0529|0.5625|0.0466|0.8667|0.1711|0.3196|0.1515|0.9752|0.3504|0.1613|0.3242|0.9616|0.4998|0.0568|0.4642|1.0|0.5517|0.0|0.5063|0.9451|0.5386|0.0426|0.5102|0.9025|0.52|0.0627|0.4951|0.6992|0.467|0.3726|0.4662|0.7155|0.7178|0.3649|0.7106|0.7354|0.9205|0.3376|0.9038|0.6975|0.9452|0.3656|0.9298|0.827|1.0|0.245|0.9865|
0.6731|0.0187|0.7234|0.0035|0.7444|0.0055|0.7761|0.0076|0.657|0.0004|0.6291|0.0001|0.6137|0.0|0.7796|0.0251|0.5754|0.0166|0.717|0.0478|0.6196|0.0422|0.9551|0.1724|0.3547|0.1547|1.0|0.3454|0.1945|0.3262|0.9995|0.5222|0.0624|0.4722|0.9976|0.5617|0.0|0.5096|0.9943|0.5614|0.0403|0.5141|0.9383|0.5403|0.061|0.4998|0.8133|0.465|0.4348|0.4681|0.8247|0.7189|0.4099|0.7113|0.8241|0.9269|0.3776|0.9066|0.7751|0.9499|0.4021|0.9325|0.9589|1.0|0.2448|0.9839|
0.6032|0.0195|0.6473|0.0029|0.6628|0.0043|0.6933|0.0059|0.5909|0.0005|0.5637|0.0002|0.5519|0.0|0.6966|0.0222|0.5197|0.0169|0.6445|0.0507|0.5563|0.0439|0.8801|0.1703|0.3162|0.1514|0.9581|0.346|0.1724|0.3228|0.9498|0.5015|0.0571|0.4702|1.0|0.5432|0.0|0.5106|0.9504|0.5431|0.0391|0.5144|0.8992|0.5393|0.0741|0.5001|0.7352|0.4627|0.3846|0.4622|0.72|0.7177|0.3629|0.7063|0.7347|0.9185|0.3233|0.9026|0.6816|0.9442|0.3388|0.9303|0.8279|1.0|0.1859|0.9819|
0.611|0.0185|0.655|0.0028|0.6705|0.0041|0.6851|0.0054|0.6012|0.0004|0.5763|0.0|0.5655|0.0|0.7045|0.0223|0.5368|0.016|0.6498|0.0467|0.5659|0.0428|0.9095|0.1705|0.3206|0.1538|0.9925|0.3436|0.1681|0.324|0.993|0.5168|0.0446|0.4751|1.0|0.5603|0.0|0.5143|0.9455|0.5584|0.031|0.5183|0.9403|0.5396|0.066|0.5028|0.7351|0.464|0.3897|0.4597|0.7347|0.7117|0.3496|0.7039|0.741|0.9138|0.3173|0.9011|0.6946|0.9387|0.3441|0.929|0.8233|1.0|0.1861|0.9772|
0.5524|0.019|0.5783|0.0027|0.6028|0.0048|0.6146|0.0062|0.5366|0.0|0.5293|0.0001|0.521|0.0|0.6234|0.0232|0.4954|0.0163|0.5837|0.0486|0.5116|0.0437|0.8109|0.1747|0.2915|0.1566|0.883|0.3354|0.1623|0.3247|0.9735|0.4965|0.0501|0.4735|1.0|0.5365|0.0|0.5115|0.9673|0.5351|0.0349|0.5153|0.9371|0.5201|0.0663|0.5013|0.6752|0.4728|0.3642|0.4679|0.6815|0.7152|0.341|0.7035|0.6781|0.919|0.297|0.9041|0.6355|0.9427|0.3203|0.9309|0.7552|1.0|0.1745|0.9835|
0.544|0.0191|0.5658|0.0021|0.5907|0.0037|0.6037|0.0048|0.523|0.0001|0.5145|0.0002|0.5049|0.0|0.6282|0.0215|0.4801|0.0157|0.5801|0.0479|0.5079|0.0439|0.827|0.1648|0.2828|0.154|0.9297|0.3297|0.1478|0.32|0.9772|0.478|0.0501|0.4726|1.0|0.5206|0.0|0.5116|0.963|0.5202|0.0326|0.5145|0.9526|0.5048|0.0616|0.5013|0.6598|0.4738|0.3454|0.4686|0.6669|0.7155|0.3391|0.706|0.6678|0.9188|0.2925|0.9096|0.623|0.944|0.3124|0.9368|0.7407|1.0|0.1812|0.9854|
0.5353|0.0146|0.5673|0.0024|0.5931|0.0044|0.61|0.0061|0.5172|0.0|0.5049|0.0001|0.4807|0.0001|0.6348|0.0209|0.4654|0.0158|0.5748|0.046|0.4965|0.0407|0.825|0.1731|0.2675|0.161|0.9255|0.3349|0.1376|0.3293|0.9759|0.4718|0.0515|0.4744|1.0|0.5164|0.0|0.5151|0.9631|0.5164|0.0369|0.5175|0.9329|0.507|0.0591|0.5038|0.6625|0.4776|0.339|0.4727|0.656|0.7174|0.3274|0.7079|0.6487|0.9162|0.2721|0.9071|0.6057|0.9362|0.2896|0.933|0.7097|1.0|0.1627|0.9849|
0.5201|0.0198|0.5594|0.0047|0.5865|0.0073|0.607|0.0096|0.5059|0.0008|0.4926|0.0004|0.4707|0.0|0.6399|0.0279|0.4559|0.0162|0.5519|0.049|0.4783|0.0424|0.8216|0.1764|0.2679|0.1604|0.9241|0.3403|0.141|0.3312|0.9745|0.4836|0.0436|0.4739|1.0|0.5257|0.0|0.515|0.967|0.5247|0.0291|0.5168|0.9599|0.5085|0.0609|0.5031|0.6639|0.4822|0.3402|0.4787|0.6438|0.7141|0.3257|0.704|0.6384|0.9183|0.2637|0.9085|0.586|0.9422|0.2859|0.9361|0.7016|1.0|0.1572|0.9847|
0.5449|0.0207|0.5806|0.0051|0.6073|0.0073|0.6271|0.0091|0.5265|0.0012|0.5128|0.0006|0.4891|0.0|0.6588|0.0263|0.4746|0.0153|0.5844|0.0486|0.5005|0.0424|0.8447|0.1779|0.2797|0.1589|0.9443|0.3511|0.1405|0.3296|0.9883|0.4827|0.0556|0.475|1.0|0.5262|0.0|0.5156|0.9604|0.526|0.038|0.5173|0.9552|0.5085|0.072|0.5034|0.6939|0.4902|0.3681|0.4768|0.6692|0.7156|0.3357|0.7002|0.6581|0.9093|0.2726|0.9032|0.6157|0.9328|0.3092|0.9316|0.7363|1.0|0.1678|0.9854|
0.6729|0.0215|0.7243|0.0042|0.7379|0.0057|0.7515|0.0071|0.6661|0.0009|0.6335|0.0002|0.6212|0.0|0.747|0.0226|0.5795|0.0108|0.7101|0.0508|0.6109|0.0446|0.9199|0.1624|0.3398|0.1477|0.9199|0.3321|0.1892|0.3209|0.9682|0.4901|0.0681|0.4743|1.0|0.5365|0.0|0.5185|0.9761|0.5363|0.0466|0.5207|0.9338|0.5197|0.0704|0.5103|0.7921|0.4663|0.4201|0.465|0.777|0.7086|0.3936|0.7021|0.7528|0.9128|0.2759|0.9209|0.7164|0.9261|0.315|0.9521|0.8366|0.9982|0.1613|1.0|
0.744|0.0188|0.7918|0.0034|0.829|0.0064|0.8406|0.0082|0.7385|0.0|0.7323|0.0005|0.7243|0.0008|0.8455|0.0254|0.6899|0.0141|0.7605|0.0484|0.6879|0.0428|0.9644|0.1638|0.4017|0.1564|1.0|0.3245|0.2394|0.3204|0.9635|0.4793|0.0927|0.4677|0.9847|0.5218|0.0|0.512|0.9499|0.5195|0.0637|0.5142|0.916|0.5044|0.0943|0.4971|0.8536|0.4723|0.5074|0.4579|0.8745|0.7136|0.4493|0.7042|0.8793|0.9238|0.3855|0.9157|0.8557|0.9471|0.4253|0.9477|0.941|1.0|0.1283|0.9856|
0.6318|0.0236|0.6501|0.0044|0.6828|0.0067|0.6924|0.0076|0.5891|0.0011|0.5747|0.0009|0.5397|0.0|0.6749|0.0214|0.5128|0.0125|0.6367|0.0503|0.5599|0.046|0.8681|0.1605|0.2787|0.1521|0.9525|0.3272|0.1378|0.325|0.9778|0.4766|0.0452|0.4732|1.0|0.517|0.0|0.5152|0.9474|0.5179|0.0326|0.5182|0.895|0.4997|0.0694|0.5014|0.7112|0.4691|0.3632|0.4647|0.6793|0.718|0.3258|0.71|0.6832|0.9179|0.2386|0.9147|0.6206|0.9406|0.2787|0.9389|0.7531|1.0|0.1331|0.9887|
0.6357|0.0219|0.6507|0.0029|0.6789|0.0045|0.6894|0.0053|0.5924|0.0007|0.5768|0.0006|0.5421|0.0|0.674|0.0193|0.51|0.0153|0.6556|0.0485|0.5685|0.0454|0.8658|0.1569|0.3017|0.153|0.9484|0.3197|0.1556|0.3253|0.9611|0.4634|0.057|0.4698|1.0|0.5188|0.0|0.5056|0.9543|0.5066|0.0484|0.5082|0.902|0.4892|0.0704|0.4988|0.7142|0.4636|0.3836|0.4602|0.6539|0.7126|0.3224|0.7006|0.6437|0.911|0.2411|0.9152|0.603|0.9327|0.265|0.9436|0.7108|1.0|0.1245|0.99|
0.6063|0.0214|0.6513|0.0024|0.6674|0.0036|0.6991|0.0048|0.5866|0.0003|0.5549|0.0|0.5402|0.0|0.7008|0.0199|0.5016|0.0175|0.6507|0.0532|0.5705|0.0498|0.8972|0.1535|0.2963|0.1523|0.9738|0.3183|0.1548|0.3249|0.9878|0.4627|0.0446|0.47|1.0|0.5215|0.0|0.5086|0.9318|0.507|0.0356|0.512|0.9333|0.4876|0.0742|0.4973|0.7337|0.4583|0.3802|0.4462|0.6669|0.7105|0.3313|0.6959|0.6468|0.91|0.2438|0.9117|0.6095|0.9323|0.2735|0.9423|0.6958|1.0|0.079|0.9877|
0.5727|0.0227|0.6114|0.0015|0.6305|0.003|0.6583|0.0047|0.5467|0.0|0.5207|0.0004|0.505|0.0011|0.6675|0.0178|0.4694|0.0163|0.6121|0.0508|0.5233|0.0491|0.8528|0.1628|0.2865|0.1584|0.9653|0.3271|0.1494|0.3238|0.9889|0.4755|0.0561|0.4686|1.0|0.5207|0.0|0.5081|0.9509|0.5215|0.0376|0.5118|0.9418|0.5164|0.0747|0.4957|0.6834|0.4624|0.3549|0.4573|0.6321|0.7151|0.3034|0.7029|0.6163|0.9137|0.2316|0.9157|0.579|0.9373|0.2549|0.9411|0.6804|1.0|0.0759|0.986|
0.5177|0.0222|0.5591|0.0009|0.5875|0.0024|0.6117|0.004|0.4937|0.0|0.475|0.0005|0.4537|0.0014|0.6508|0.0185|0.4398|0.0168|0.5678|0.0501|0.4785|0.049|0.8324|0.1565|0.2796|0.1608|0.9466|0.325|0.1512|0.331|0.9974|0.4742|0.0567|0.4701|1.0|0.5273|0.0|0.5091|0.9625|0.5271|0.0454|0.5121|0.9583|0.509|0.0668|0.5012|0.6739|0.468|0.3496|0.4601|0.6306|0.7129|0.278|0.7029|0.5743|0.9034|0.219|0.9098|0.536|0.9258|0.2534|0.9326|0.6314|1.0|0.1014|0.9863|
0.5708|0.0233|0.5876|0.0015|0.6158|0.003|0.6306|0.0041|0.5304|0.0|0.5148|0.0004|0.4849|0.0008|0.6457|0.0165|0.4625|0.0158|0.6072|0.0503|0.5212|0.0495|0.8366|0.1559|0.2911|0.1564|0.9387|0.3274|0.1517|0.3259|0.9707|0.4767|0.0582|0.4712|1.0|0.5228|0.0|0.5093|0.9633|0.5233|0.0437|0.5114|0.9207|0.5155|0.0639|0.4964|0.6656|0.4648|0.3467|0.4565|0.6156|0.7083|0.2731|0.7018|0.5575|0.9072|0.2177|0.9175|0.519|0.9321|0.2561|0.941|0.6138|1.0|0.0921|0.9921|
0.55|0.0222|0.5808|0.0006|0.5988|0.0011|0.625|0.0|0.5242|0.0015|0.4982|0.0026|0.4831|0.0037|0.654|0.0158|0.4622|0.0184|0.6006|0.0486|0.5244|0.0491|0.8477|0.1585|0.2999|0.1609|0.9567|0.3264|0.1574|0.3336|0.9735|0.4803|0.0604|0.4834|1.0|0.5264|0.0|0.5213|0.9644|0.5259|0.0484|0.5236|0.9594|0.5076|0.0707|0.5088|0.6762|0.4683|0.3474|0.4594|0.625|0.7077|0.2689|0.7016|0.5512|0.9019|0.2343|0.908|0.5151|0.9235|0.2534|0.9334|0.5998|1.0|0.1028|0.9888|
0.5478|0.0208|0.565|0.002|0.5937|0.004|0.6081|0.0053|0.5134|0.0|0.5006|0.0004|0.4731|0.0006|0.6423|0.019|0.4622|0.016|0.5919|0.0482|0.5048|0.0456|0.8538|0.1616|0.2978|0.1596|0.9373|0.3314|0.1619|0.3282|0.9728|0.4817|0.0579|0.4799|1.0|0.5248|0.0|0.5179|0.9623|0.5248|0.0358|0.5157|0.9596|0.5066|0.0714|0.5067|0.6718|0.4684|0.346|0.4575|0.6237|0.7069|0.256|0.7005|0.5645|0.9078|0.2302|0.9162|0.5233|0.9313|0.2486|0.94|0.5987|1.0|0.0844|0.9899|
END
