START
0.6714|0.0233|0.7099|0.0058|0.7335|0.0076|0.7529|0.0093|0.6339|0.0018|0.607|0.0009|0.5796|0.0|0.7659|0.0224|0.5335|0.0108|0.6999|0.0493|0.6046|0.0457|0.9001|0.1524|0.3287|0.1384|0.961|0.3152|0.1975|0.2948|0.9816|0.4624|0.0665|0.4321|1.0|0.508|0.0|0.478|0.9536|0.5071|0.057|0.4807|0.9292|0.4915|0.0899|0.4651|0.6848|0.4648|0.3372|0.4471|0.5972|0.702|0.2435|0.694|0.5418|0.9244|0.1908|0.9084|0.4744|0.9489|0.2098|0.931|0.6153|1.0|0.0379|0.9785|
0.667|0.0221|0.7062|0.0054|0.7301|0.0072|0.75|0.0089|0.6314|0.0016|0.6051|0.0008|0.5783|0.0|0.7657|0.022|0.5336|0.0107|0.697|0.0484|0.6019|0.0449|0.8999|0.152|0.3297|0.1386|0.9627|0.3151|0.1954|0.2965|0.9829|0.4624|0.0662|0.4326|1.0|0.5077|0.0|0.4787|0.9528|0.507|0.0573|0.4814|0.9286|0.4916|0.0883|0.4692|0.6869|0.4654|0.3412|0.4471|0.5951|0.7009|0.2456|0.6944|0.5423|0.9217|0.1922|0.9078|0.4742|0.9468|0.2102|0.9298|0.6425|1.0|0.0407|0.9785|
0.665|0.0217|0.7018|0.005|0.7255|0.0068|0.7456|0.0084|0.6282|0.0015|0.6018|0.0007|0.5751|0.0|0.761|0.0218|0.5281|0.0111|0.6954|0.0479|0.6008|0.0446|0.8998|0.1519|0.3249|0.1393|0.9621|0.3158|0.1932|0.2938|0.9839|0.4627|0.0652|0.4337|1.0|0.5081|0.0|0.4796|0.9532|0.5071|0.0557|0.4822|0.9292|0.4916|0.0793|0.47|0.6861|0.4651|0.3324|0.4416|0.5907|0.7043|0.2429|0.6954|0.5262|0.9246|0.1875|0.9083|0.4709|0.9493|0.2077|0.9303|0.6114|1.0|0.0281|0.9781|
0.6631|0.0214|0.7011|0.0049|0.725|0.0066|0.7451|0.0081|0.6273|0.0014|0.601|0.0007|0.5743|0.0|0.7605|0.0217|0.5276|0.0111|0.6943|0.0479|0.5992|0.0447|0.8962|0.1528|0.3249|0.1401|0.9615|0.3166|0.1878|0.2941|0.9835|0.4624|0.0647|0.4333|1.0|0.5075|0.0|0.4791|0.9536|0.5064|0.0561|0.482|0.9297|0.4911|0.0794|0.4696|0.6907|0.4587|0.3345|0.4401|0.5942|0.7035|0.2502|0.6947|0.5289|0.9231|0.1873|0.9092|0.4729|0.9477|0.2064|0.9312|0.6079|1.0|0.04|0.9782|
0.6733|0.022|0.7094|0.0056|0.7323|0.0075|0.7513|0.0091|0.6356|0.0016|0.6093|0.0008|0.5826|0.0|0.7636|0.0227|0.5349|0.0112|0.702|0.0482|0.6068|0.0451|0.9004|0.1526|0.3275|0.1408|0.9615|0.317|0.1891|0.2957|0.9847|0.4626|0.065|0.4354|1.0|0.508|0.0|0.4828|0.954|0.507|0.0518|0.4854|0.9307|0.4915|0.0773|0.4715|0.6912|0.4577|0.3364|0.4391|0.5971|0.7027|0.2501|0.6936|0.543|0.9259|0.1913|0.9087|0.478|0.9479|0.2115|0.9303|0.6075|1.0|0.0416|0.9781|
0.6735|0.0227|0.7101|0.0059|0.7332|0.0079|0.7521|0.0096|0.6352|0.0018|0.6083|0.0009|0.5812|0.0|0.7648|0.0231|0.5346|0.0112|0.7025|0.0487|0.607|0.0454|0.9029|0.1523|0.3273|0.1402|0.9624|0.3158|0.1937|0.2974|0.9844|0.461|0.063|0.4333|1.0|0.5062|0.0|0.4777|0.9546|0.5053|0.0516|0.4814|0.9307|0.4899|0.0745|0.4694|0.687|0.4615|0.3334|0.4423|0.5878|0.7019|0.2491|0.6927|0.5299|0.9218|0.1858|0.9063|0.4745|0.9438|0.205|0.9332|0.6045|1.0|0.0367|0.9749|
0.6728|0.0228|0.7106|0.0061|0.7339|0.0081|0.7529|0.0099|0.6352|0.0018|0.6081|0.0009|0.5807|0.0|0.7659|0.024|0.5332|0.0116|0.7015|0.0493|0.605|0.0458|0.8993|0.1543|0.3263|0.142|0.9629|0.3173|0.1863|0.2988|0.9837|0.461|0.0639|0.4324|1.0|0.506|0.0|0.4799|0.9547|0.5051|0.0522|0.4822|0.9288|0.4914|0.0766|0.4682|0.6891|0.4622|0.3327|0.444|0.5893|0.7017|0.2437|0.6918|0.5257|0.9207|0.186|0.9027|0.4703|0.9426|0.2062|0.9299|0.6246|1.0|0.0366|0.9732|
0.6728|0.0229|0.712|0.0056|0.7357|0.0075|0.7548|0.0092|0.6355|0.0017|0.6084|0.0008|0.5811|0.0|0.7705|0.0235|0.5337|0.0113|0.7031|0.0497|0.606|0.0461|0.9037|0.1535|0.3284|0.1414|0.9656|0.3168|0.1936|0.2984|0.9848|0.4623|0.0668|0.434|1.0|0.5078|0.0|0.4821|0.9533|0.5066|0.0547|0.4817|0.929|0.4929|0.0851|0.4699|0.6907|0.463|0.3356|0.445|0.5889|0.7021|0.2472|0.6937|0.5293|0.9222|0.1861|0.9085|0.474|0.9442|0.2062|0.9314|0.6037|1.0|0.0383|0.9756|
0.6727|0.0233|0.7115|0.006|0.735|0.0079|0.754|0.0095|0.6355|0.0019|0.6083|0.0009|0.581|0.0|0.7686|0.0231|0.5334|0.0106|0.7019|0.0495|0.6062|0.0458|0.9034|0.1538|0.3238|0.1413|0.9688|0.3164|0.1914|0.2979|0.984|0.4619|0.0634|0.4369|1.0|0.5071|0.0|0.4819|0.9522|0.5058|0.0528|0.4844|0.9284|0.4922|0.0849|0.4703|0.6868|0.4642|0.3314|0.4454|0.5919|0.7034|0.2379|0.6962|0.5373|0.9232|0.1837|0.9053|0.4722|0.9451|0.2051|0.9312|0.6334|1.0|0.0208|0.9748|
0.6718|0.0221|0.7116|0.0056|0.7354|0.0075|0.7547|0.0092|0.6356|0.0015|0.6089|0.0007|0.5817|0.0|0.7716|0.0232|0.534|0.0115|0.7017|0.0493|0.6048|0.0455|0.9088|0.1515|0.3275|0.141|0.9689|0.3147|0.1923|0.2985|0.9845|0.4621|0.0651|0.4342|1.0|0.5077|0.0|0.4815|0.953|0.5064|0.0553|0.4817|0.9296|0.4925|0.0857|0.47|0.6848|0.464|0.3289|0.4447|0.5969|0.7028|0.2405|0.6959|0.5282|0.9243|0.1833|0.9065|0.4715|0.9465|0.2041|0.932|0.6104|1.0|0.0217|0.9752|
END
START
0.6815|0.0224|0.7167|0.0055|0.7396|0.0073|0.7584|0.0089|0.6415|0.0017|0.6141|0.0008|0.5862|0.0|0.7691|0.0221|0.536|0.0111|0.7088|0.0486|0.6128|0.0455|0.9084|0.1522|0.329|0.1409|0.9701|0.3159|0.1923|0.2999|0.9846|0.4636|0.0638|0.4363|1.0|0.5094|0.0|0.4825|0.9541|0.5081|0.0569|0.4831|0.9304|0.4926|0.0864|0.4713|0.6824|0.4658|0.3284|0.4463|0.5892|0.7046|0.2361|0.6976|0.5248|0.9257|0.184|0.9117|0.4676|0.949|0.2022|0.938|0.6031|1.0|0.0189|0.9804|
0.6686|0.022|0.7049|0.0054|0.7284|0.0074|0.7485|0.0091|0.6305|0.0016|0.6034|0.0008|0.5766|0.0|0.7618|0.0228|0.5287|0.0115|0.6986|0.0483|0.6022|0.0449|0.9075|0.1548|0.318|0.1405|0.9657|0.3196|0.1725|0.298|0.9832|0.4651|0.0518|0.4359|1.0|0.5103|0.0|0.4836|0.9542|0.5087|0.0436|0.4857|0.9291|0.4949|0.0759|0.4719|0.6802|0.4664|0.3178|0.4451|0.5802|0.7052|0.2269|0.6987|0.5261|0.9261|0.1711|0.9119|0.459|0.9493|0.1874|0.9391|0.5947|1.0|0.0131|0.9806|
0.6579|0.0209|0.6942|0.0048|0.7171|0.0066|0.7386|0.0084|0.6215|0.0013|0.5949|0.0006|0.5684|0.0|0.7543|0.0228|0.521|0.0125|0.6898|0.0478|0.5934|0.0445|0.8983|0.1557|0.3146|0.1421|0.9615|0.3187|0.1747|0.2978|0.9856|0.4648|0.0514|0.4344|1.0|0.509|0.0|0.4824|0.9561|0.5073|0.0451|0.4823|0.9293|0.4914|0.0765|0.4703|0.6746|0.4672|0.3128|0.4473|0.5738|0.7073|0.2172|0.702|0.5073|0.922|0.1638|0.9122|0.4487|0.9474|0.1992|0.9401|0.5876|1.0|0.0059|0.9813|
0.6522|0.0204|0.6888|0.0042|0.7112|0.0058|0.7327|0.0073|0.6171|0.0011|0.5894|0.0005|0.565|0.0|0.7473|0.0208|0.5168|0.0121|0.6874|0.0469|0.5924|0.0442|0.8932|0.154|0.3162|0.1411|0.9527|0.3175|0.1828|0.2938|0.9755|0.4663|0.0556|0.4342|1.0|0.5112|0.0069|0.4796|0.9497|0.5097|0.0515|0.4822|0.9225|0.4933|0.0815|0.4701|0.6709|0.4674|0.3196|0.4473|0.5709|0.7087|0.2181|0.7033|0.5045|0.9236|0.1709|0.9118|0.4474|0.9484|0.2049|0.9393|0.5803|1.0|0.0|0.9815|
0.6508|0.0219|0.6858|0.0049|0.7083|0.0068|0.7292|0.0085|0.6135|0.0013|0.5854|0.0006|0.5602|0.0|0.7439|0.0228|0.5128|0.0123|0.6823|0.0485|0.5872|0.0451|0.8887|0.1552|0.3026|0.1414|0.9442|0.3213|0.1663|0.2991|0.9735|0.468|0.0484|0.4345|1.0|0.5148|0.0|0.4828|0.9526|0.5116|0.0443|0.4852|0.9338|0.4984|0.0764|0.471|0.6691|0.4644|0.3141|0.445|0.561|0.7108|0.2086|0.7006|0.4948|0.9246|0.1552|0.9097|0.4377|0.9466|0.1722|0.9371|0.5652|1.0|0.0011|0.9817|
0.6081|0.0221|0.637|0.006|0.6568|0.008|0.6735|0.0096|0.575|0.0019|0.552|0.001|0.5289|0.0|0.6852|0.024|0.4867|0.0122|0.6339|0.0487|0.5535|0.0451|0.8026|0.1558|0.3064|0.1411|0.8757|0.32|0.1745|0.2944|0.9631|0.4705|0.0621|0.4274|1.0|0.5147|0.0|0.4724|0.9754|0.514|0.0379|0.4757|0.9597|0.5015|0.0757|0.4604|0.6145|0.4626|0.3087|0.446|0.535|0.7099|0.2325|0.7038|0.4678|0.9249|0.1773|0.9124|0.4171|0.9452|0.207|0.9357|0.5321|1.0|0.052|0.9797|
0.5469|0.0232|0.5731|0.0065|0.5889|0.0087|0.6015|0.0105|0.523|0.0018|0.5045|0.0009|0.4861|0.0|0.6109|0.0246|0.4543|0.0113|0.5662|0.0508|0.5035|0.047|0.6926|0.1579|0.312|0.142|0.811|0.3022|0.1736|0.265|0.9369|0.4095|0.0354|0.3714|1.0|0.443|0.0|0.4078|0.983|0.4418|0.0345|0.4092|0.967|0.4331|0.0564|0.3952|0.5601|0.4562|0.3433|0.4451|0.5042|0.7125|0.2644|0.6955|0.4496|0.9248|0.2166|0.9018|0.403|0.945|0.2381|0.925|0.4929|1.0|0.1237|0.9745|
0.4977|0.0256|0.5188|0.0089|0.5293|0.0112|0.5406|0.0139|0.4799|0.0025|0.465|0.0011|0.4518|0.0|0.5482|0.0293|0.4255|0.0111|0.5109|0.0525|0.4621|0.0485|0.6106|0.1555|0.31|0.1314|0.7997|0.2262|0.1183|0.2012|0.9657|0.1933|0.0329|0.1491|1.0|0.1699|0.0|0.1245|0.9963|0.1657|0.0117|0.1107|0.9892|0.1682|0.0319|0.1244|0.5051|0.4612|0.3274|0.4478|0.4506|0.7089|0.2657|0.6945|0.4145|0.921|0.2248|0.8937|0.3842|0.9475|0.2485|0.9246|0.456|1.0|0.1477|0.9753|
0.4777|0.0414|0.4947|0.0261|0.5058|0.028|0.5146|0.0295|0.4564|0.022|0.4425|0.0213|0.4289|0.0209|0.5174|0.0437|0.4027|0.0329|0.4914|0.0652|0.4451|0.0633|0.5931|0.1634|0.2975|0.1438|0.7933|0.219|0.0826|0.1619|0.9361|0.1924|0.0101|0.0526|1.0|0.1712|0.0|0.0167|0.9964|0.1553|0.0195|0.0|0.9712|0.1623|0.0256|0.0157|0.4815|0.4671|0.3044|0.449|0.427|0.7072|0.2482|0.6936|0.3915|0.9211|0.2002|0.9002|0.3694|0.9444|0.2254|0.9292|0.439|1.0|0.1239|0.9763|
0.4824|0.1564|0.4993|0.1428|0.5123|0.1441|0.5231|0.1451|0.4541|0.1402|0.4367|0.1403|0.4188|0.1408|0.5257|0.1574|0.3806|0.1525|0.5007|0.1769|0.4403|0.1762|0.6239|0.2551|0.2458|0.2394|0.9088|0.2416|0.0094|0.1696|0.9651|0.121|0.0976|0.0414|1.0|0.0926|0.1087|0.0058|0.9728|0.0754|0.1425|0.0|0.9603|0.0913|0.1449|0.0124|0.479|0.522|0.2487|0.5117|0.3996|0.7465|0.1491|0.7361|0.3498|0.931|0.1177|0.9205|0.3118|0.9511|0.1418|0.9432|0.4074|1.0|0.0|0.9782|
0.5636|0.1596|0.592|0.1485|0.605|0.1504|0.6173|0.1521|0.5407|0.1435|0.5187|0.1427|0.4997|0.1424|0.6228|0.1622|0.4583|0.1521|0.583|0.1803|0.5128|0.1755|0.7211|0.2547|0.3017|0.2337|1.0|0.2153|0.0518|0.151|0.9451|0.0795|0.2625|0.0379|0.936|0.0483|0.3051|0.0021|0.9028|0.0432|0.3456|0.0|0.8961|0.0561|0.3434|0.0133|0.552|0.5235|0.2932|0.5121|0.4539|0.7455|0.1757|0.7344|0.4009|0.9281|0.1378|0.9151|0.3615|0.9501|0.1576|0.9373|0.4783|1.0|0.0|0.9785|
0.5538|0.1489|0.5863|0.1351|0.6035|0.136|0.6173|0.1363|0.5283|0.1319|0.5086|0.131|0.4892|0.1302|0.6228|0.1453|0.4455|0.1358|0.577|0.1718|0.5008|0.1651|0.7206|0.2483|0.2866|0.226|1.0|0.2026|0.0825|0.1342|0.8418|0.0797|0.3427|0.0323|0.8038|0.05|0.3946|0.0|0.757|0.0469|0.4219|0.0039|0.7572|0.0576|0.4146|0.0146|0.539|0.5279|0.2776|0.5138|0.456|0.7407|0.1734|0.7362|0.3993|0.9252|0.1307|0.9201|0.3654|0.9438|0.1515|0.9429|0.4475|1.0|0.0|0.9865|
0.5443|0.1284|0.5726|0.1145|0.5883|0.1154|0.6061|0.1163|0.5197|0.1111|0.5023|0.1103|0.4824|0.1095|0.617|0.1241|0.4408|0.1164|0.569|0.1541|0.4998|0.1469|0.7173|0.235|0.2828|0.2115|1.0|0.2047|0.0445|0.1265|0.8541|0.0815|0.3103|0.0332|0.8102|0.0537|0.3633|0.0|0.764|0.0515|0.3891|0.0046|0.7829|0.0619|0.3818|0.02|0.5421|0.5111|0.2751|0.5016|0.4502|0.7326|0.1737|0.7211|0.3992|0.9214|0.125|0.9141|0.3583|0.9404|0.1454|0.9385|0.4624|1.0|0.0|0.9809|
0.5337|0.0462|0.5638|0.0285|0.5803|0.0306|0.5949|0.0325|0.5107|0.0242|0.4932|0.0236|0.4771|0.0234|0.6182|0.0474|0.4445|0.0336|0.5606|0.0741|0.492|0.0692|0.7102|0.1724|0.2962|0.1477|0.9547|0.2628|0.0|0.1831|1.0|0.1459|0.1137|0.0412|0.9996|0.1016|0.1448|0.0059|0.9852|0.0911|0.1847|0.0|0.9758|0.1007|0.1822|0.0153|0.5389|0.4785|0.2879|0.4605|0.4544|0.7168|0.1827|0.705|0.3839|0.9181|0.1341|0.9133|0.3497|0.9392|0.1583|0.939|0.4439|1.0|0.0128|0.985|
0.5263|0.0234|0.5581|0.0067|0.5759|0.0092|0.5905|0.0115|0.5026|0.0015|0.4844|0.0007|0.4665|0.0|0.6013|0.0279|0.4361|0.0134|0.55|0.0495|0.4818|0.0448|0.6852|0.1583|0.2796|0.1347|0.8284|0.2865|0.0398|0.2353|0.9371|0.2638|0.0696|0.1465|0.9894|0.2631|0.0657|0.1197|1.0|0.2443|0.081|0.1044|0.9602|0.2554|0.0847|0.1182|0.5171|0.4646|0.2748|0.4435|0.4228|0.7058|0.1694|0.6952|0.3631|0.9139|0.1321|0.906|0.3308|0.9402|0.1544|0.9347|0.4312|1.0|0.0|0.9775|
0.5785|0.0239|0.6118|0.0096|0.6281|0.0124|0.6429|0.0152|0.5541|0.0026|0.5347|0.0012|0.5157|0.0|0.6576|0.0314|0.4783|0.0116|0.5975|0.0507|0.5271|0.0449|0.748|0.1594|0.2953|0.1399|0.8343|0.3041|0.1156|0.277|0.9613|0.3983|0.0652|0.2946|1.0|0.4346|0.0|0.323|0.9788|0.4317|0.0477|0.3119|0.9655|0.4218|0.0653|0.305|0.558|0.4727|0.2971|0.4566|0.4759|0.7164|0.1849|0.707|0.3983|0.9122|0.1392|0.9109|0.3567|0.9355|0.1656|0.9337|0.4623|1.0|0.0052|0.9804|
0.7077|0.0243|0.7496|0.0086|0.7734|0.0111|0.7921|0.0131|0.6752|0.0026|0.6499|0.0013|0.6234|0.0|0.8141|0.0281|0.5785|0.0114|0.7362|0.0531|0.6437|0.0468|0.9221|0.1663|0.3667|0.1395|0.9468|0.3438|0.2087|0.293|0.9765|0.4988|0.1086|0.4277|1.0|0.5432|0.0518|0.472|0.966|0.5432|0.0918|0.4754|0.9521|0.5304|0.1236|0.4644|0.6789|0.4759|0.3436|0.4523|0.5578|0.7159|0.2042|0.7027|0.4633|0.9144|0.1481|0.9041|0.4134|0.9327|0.1783|0.9249|0.5448|1.0|0.0|0.9771|
0.7101|0.0255|0.7538|0.007|0.7775|0.0091|0.7987|0.0108|0.6795|0.0025|0.6528|0.0012|0.6282|0.0|0.8171|0.0245|0.5886|0.0104|0.7414|0.0524|0.6507|0.0466|0.9372|0.1603|0.3749|0.1382|0.9595|0.3338|0.2307|0.298|0.9796|0.4811|0.1176|0.44|1.0|0.53|0.0619|0.4842|0.954|0.5284|0.1062|0.4872|0.94|0.5112|0.1288|0.4743|0.6851|0.473|0.3446|0.4474|0.5608|0.7185|0.2056|0.7026|0.4718|0.9153|0.1479|0.9059|0.4224|0.9401|0.1781|0.9302|0.5508|1.0|0.0|0.9801|
0.7154|0.026|0.7621|0.0072|0.7865|0.0092|0.8083|0.0109|0.6868|0.0026|0.6598|0.0013|0.6356|0.0|0.8311|0.0241|0.5966|0.0098|0.7499|0.0529|0.658|0.047|0.9545|0.1583|0.3897|0.1377|0.9762|0.3319|0.2364|0.2965|0.9816|0.4798|0.1398|0.4404|1.0|0.5277|0.0998|0.4852|0.9568|0.5226|0.1355|0.4891|0.941|0.5094|0.1664|0.4751|0.6898|0.4716|0.3508|0.447|0.5913|0.7124|0.2093|0.7|0.498|0.9125|0.1608|0.9009|0.431|0.9316|0.1932|0.9238|0.5822|1.0|0.0|0.9717|
0.7158|0.0255|0.7629|0.0073|0.7879|0.0094|0.8107|0.0111|0.6869|0.0025|0.6596|0.0012|0.6357|0.0|0.836|0.0244|0.5954|0.0102|0.7517|0.0529|0.6572|0.0475|0.9577|0.1571|0.3914|0.1387|0.9811|0.3326|0.2461|0.296|0.9838|0.4798|0.1443|0.4387|1.0|0.5243|0.1019|0.4835|0.9557|0.5217|0.137|0.4868|0.9401|0.5093|0.168|0.4733|0.6915|0.4725|0.3502|0.4479|0.5811|0.714|0.2073|0.7017|0.4895|0.9151|0.157|0.903|0.425|0.9341|0.1884|0.9252|0.5533|1.0|0.0|0.9736|
0.7037|0.0242|0.7489|0.0072|0.7737|0.0094|0.7974|0.0115|0.6747|0.0024|0.6475|0.001|0.624|0.0|0.8234|0.0262|0.5836|0.0116|0.7402|0.052|0.646|0.0468|0.9409|0.1598|0.3821|0.14|0.9724|0.3289|0.2366|0.2958|0.9797|0.4715|0.1383|0.4349|1.0|0.5152|0.0944|0.4796|0.956|0.5126|0.1306|0.4823|0.941|0.4978|0.1632|0.4697|0.6858|0.4711|0.3502|0.4471|0.5698|0.7131|0.2044|0.6965|0.4812|0.9113|0.1523|0.8969|0.4183|0.9297|0.1831|0.9194|0.5646|1.0|0.0|0.9683|
0.6967|0.0262|0.747|0.0084|0.7727|0.0108|0.7971|0.013|0.6711|0.003|0.6437|0.0013|0.6202|0.0|0.8259|0.0274|0.5814|0.0105|0.7328|0.0546|0.6377|0.0481|0.9366|0.1572|0.3803|0.1412|0.974|0.3237|0.2319|0.2977|0.9771|0.4765|0.1364|0.4379|1.0|0.5215|0.0804|0.4823|0.9573|0.5192|0.1276|0.4857|0.9406|0.504|0.1585|0.4731|0.6897|0.4691|0.3483|0.4514|0.5713|0.7168|0.2082|0.7023|0.4808|0.9178|0.154|0.9053|0.4186|0.9374|0.1842|0.9286|0.5392|1.0|0.0|0.9775|
0.6919|0.0253|0.7397|0.0078|0.7655|0.01|0.7905|0.0122|0.6648|0.0027|0.6381|0.0011|0.6145|0.0|0.8185|0.0261|0.5754|0.0105|0.7279|0.0529|0.6346|0.0463|0.9349|0.1547|0.3812|0.1401|0.9758|0.321|0.2373|0.2957|0.9788|0.4739|0.1385|0.4308|1.0|0.5191|0.0802|0.4785|0.9575|0.5172|0.1276|0.4792|0.9411|0.502|0.1579|0.4688|0.6868|0.4726|0.3466|0.4482|0.5695|0.717|0.2064|0.701|0.4643|0.914|0.1515|0.9003|0.4119|0.9331|0.1817|0.923|0.5356|1.0|0.0|0.9723|
0.6955|0.0234|0.7422|0.0071|0.768|0.0093|0.7934|0.0115|0.6673|0.0022|0.6402|0.0009|0.6164|0.0|0.8215|0.0263|0.5759|0.0117|0.7328|0.0524|0.6366|0.0459|0.9387|0.1567|0.3833|0.1417|0.9813|0.3209|0.2364|0.2962|0.9818|0.4726|0.1375|0.435|1.0|0.5166|0.0812|0.4799|0.957|0.5144|0.1284|0.4831|0.9416|0.4997|0.1609|0.4705|0.6877|0.4722|0.3467|0.448|0.5736|0.7137|0.2025|0.6995|0.4646|0.9135|0.1488|0.9009|0.4123|0.9323|0.1799|0.9236|0.5392|1.0|0.0|0.9709|
0.6931|0.0249|0.742|0.008|0.7684|0.0102|0.7941|0.0123|0.6657|0.0027|0.6387|0.0011|0.6149|0.0|0.8231|0.0261|0.5758|0.0105|0.7299|0.0533|0.6339|0.0465|0.9371|0.1564|0.3762|0.141|0.977|0.3214|0.2379|0.2961|0.9811|0.4723|0.1372|0.4371|1.0|0.5167|0.0811|0.4807|0.9573|0.5146|0.1285|0.4843|0.942|0.4997|0.161|0.4715|0.6937|0.4726|0.3562|0.45|0.5697|0.7156|0.204|0.7012|0.4658|0.9131|0.1491|0.9007|0.4146|0.9321|0.1803|0.9229|0.535|1.0|0.0|0.9723|
0.6911|0.0242|0.7409|0.0081|0.7674|0.0106|0.7936|0.013|0.6649|0.0027|0.6379|0.0011|0.6143|0.0|0.8241|0.0277|0.5753|0.0112|0.7285|0.0532|0.6313|0.0461|0.9408|0.1575|0.3787|0.1428|0.9781|0.325|0.23|0.2988|0.9822|0.4773|0.1339|0.4411|1.0|0.5243|0.0909|0.4855|0.9555|0.522|0.1271|0.489|0.9401|0.5063|0.159|0.4755|0.6917|0.4729|0.3522|0.4488|0.5753|0.7148|0.203|0.7006|0.4698|0.9129|0.1512|0.8989|0.4182|0.933|0.1828|0.9222|0.5395|1.0|0.0|0.9716|
0.6925|0.0248|0.7421|0.008|0.7689|0.0103|0.795|0.0127|0.6658|0.0026|0.6386|0.001|0.6149|0.0|0.8247|0.0272|0.5755|0.0111|0.7307|0.0537|0.6337|0.0466|0.9424|0.1593|0.377|0.1432|0.9779|0.3289|0.2338|0.3007|0.9833|0.4801|0.1345|0.4444|1.0|0.5273|0.0916|0.4887|0.9562|0.5248|0.1277|0.4922|0.941|0.5092|0.1601|0.4783|0.6922|0.4767|0.3448|0.4523|0.5694|0.7188|0.1894|0.7037|0.4691|0.9176|0.1488|0.904|0.4196|0.938|0.1805|0.9279|0.5398|1.0|0.0|0.9769|
END
START
0.7002|0.0256|0.7499|0.0082|0.7762|0.0105|0.8014|0.0128|0.6737|0.0028|0.6464|0.0012|0.6227|0.0|0.8293|0.0267|0.5823|0.0103|0.737|0.0539|0.6413|0.0469|0.9451|0.1577|0.3812|0.1415|0.9787|0.3269|0.2358|0.2997|0.9841|0.4787|0.1356|0.4429|1.0|0.5253|0.0937|0.4884|0.9561|0.5228|0.1317|0.4918|0.9411|0.507|0.1637|0.4778|0.6933|0.4707|0.3461|0.452|0.5588|0.7193|0.2047|0.7035|0.4654|0.9178|0.1466|0.9046|0.4171|0.9397|0.1787|0.9292|0.5342|1.0|0.0|0.9789|
0.7037|0.0253|0.7527|0.0081|0.7789|0.0102|0.8041|0.0123|0.676|0.0028|0.6488|0.0012|0.6249|0.0|0.8322|0.0257|0.5849|0.01|0.7398|0.0531|0.6445|0.0465|0.9492|0.1569|0.3894|0.139|0.9782|0.3259|0.2432|0.2964|0.9835|0.4762|0.1445|0.4387|1.0|0.5232|0.1014|0.4838|0.9575|0.5206|0.1385|0.4873|0.9328|0.5043|0.1705|0.4735|0.695|0.4717|0.3531|0.4475|0.5651|0.7124|0.216|0.6985|0.4758|0.9141|0.154|0.9003|0.4264|0.9346|0.1852|0.9241|0.5432|1.0|0.0|0.9721|
0.7005|0.0246|0.7486|0.008|0.7747|0.0103|0.8002|0.0126|0.6727|0.0026|0.6459|0.0011|0.6222|0.0|0.8284|0.027|0.5845|0.0112|0.7374|0.0531|0.6422|0.046|0.9475|0.1585|0.3881|0.1406|0.9775|0.3279|0.2439|0.2974|0.9828|0.4773|0.1408|0.4406|1.0|0.5238|0.0858|0.484|0.957|0.5214|0.134|0.4882|0.93|0.5074|0.1646|0.4746|0.6888|0.4714|0.3493|0.4477|0.565|0.713|0.2104|0.7001|0.4735|0.9154|0.1574|0.9021|0.4222|0.9361|0.1888|0.925|0.5499|1.0|0.0|0.9729|
0.7053|0.0248|0.7535|0.0081|0.7795|0.0104|0.805|0.0127|0.6771|0.0026|0.6498|0.001|0.626|0.0|0.8314|0.0278|0.5858|0.0113|0.7409|0.0537|0.6444|0.0468|0.9415|0.1612|0.3798|0.1401|0.9737|0.3281|0.2307|0.2964|0.9821|0.4788|0.1382|0.4392|1.0|0.5255|0.0955|0.4841|0.9565|0.5229|0.1332|0.4869|0.9412|0.5074|0.1656|0.4736|0.6818|0.474|0.3411|0.4496|0.5603|0.7161|0.2051|0.7055|0.4661|0.9143|0.1485|0.9037|0.4163|0.9342|0.1796|0.9261|0.5382|1.0|0.0|0.9749|
0.7037|0.0253|0.7495|0.008|0.775|0.0102|0.7998|0.0123|0.6751|0.0028|0.6486|0.0011|0.6247|0.0|0.8252|0.0259|0.5854|0.0105|0.7375|0.0528|0.6449|0.0462|0.939|0.1583|0.3822|0.1386|0.9726|0.3258|0.2325|0.2946|0.9818|0.4769|0.1392|0.4371|1.0|0.5239|0.0988|0.4823|0.9566|0.5212|0.1373|0.4852|0.9409|0.5054|0.1685|0.4719|0.6823|0.4733|0.3445|0.4502|0.5748|0.7171|0.1935|0.7016|0.4804|0.9135|0.1494|0.9013|0.4216|0.9329|0.1803|0.9242|0.543|1.0|0.0|0.9728|
0.7046|0.0259|0.7515|0.0091|0.7769|0.0115|0.8015|0.0139|0.6763|0.0031|0.6492|0.0012|0.6253|0.0|0.8253|0.028|0.5836|0.0104|0.7376|0.0542|0.6439|0.0471|0.9332|0.1606|0.3801|0.14|0.9674|0.3293|0.239|0.2985|0.9811|0.4814|0.1434|0.4407|1.0|0.5285|0.1021|0.4864|0.9584|0.5264|0.1382|0.4892|0.9425|0.5107|0.1699|0.4761|0.6878|0.47|0.3491|0.4518|0.5699|0.7218|0.2054|0.7058|0.477|0.9159|0.1469|0.9079|0.4169|0.9383|0.1781|0.931|0.5413|1.0|0.0|0.9787|
0.6594|0.0262|0.7037|0.0091|0.7271|0.0115|0.7496|0.0139|0.634|0.0033|0.6084|0.0013|0.5859|0.0|0.7717|0.0276|0.5467|0.01|0.6906|0.0537|0.6029|0.0466|0.8768|0.1573|0.3521|0.1374|0.9163|0.3227|0.2188|0.2947|0.9709|0.4734|0.1231|0.4313|1.0|0.5185|0.0686|0.4793|0.971|0.516|0.1162|0.481|0.9548|0.5028|0.1447|0.4697|0.6468|0.4726|0.3232|0.449|0.5237|0.7152|0.1982|0.7036|0.4342|0.9142|0.139|0.9041|0.3891|0.9352|0.1674|0.927|0.5003|1.0|0.0|0.9756|
0.6037|0.0251|0.6447|0.0077|0.6669|0.01|0.6881|0.0122|0.5804|0.0026|0.5574|0.0011|0.537|0.0|0.7124|0.0265|0.5036|0.0107|0.6348|0.0536|0.555|0.0468|0.8055|0.1601|0.3382|0.1397|0.8752|0.3009|0.1962|0.2813|0.9671|0.4139|0.062|0.4012|1.0|0.4611|0.0|0.4399|0.9883|0.4532|0.0431|0.4443|0.9633|0.4415|0.0798|0.4299|0.5986|0.4689|0.3145|0.4497|0.4867|0.7164|0.2017|0.7022|0.4085|0.915|0.1471|0.9062|0.3601|0.9356|0.1708|0.9289|0.4706|1.0|0.0099|0.9785|
0.5188|0.0223|0.5498|0.0052|0.5673|0.0074|0.5835|0.0098|0.4991|0.001|0.4827|0.0002|0.4668|0.0|0.6015|0.027|0.4425|0.0144|0.5452|0.0518|0.4812|0.0461|0.6838|0.1579|0.3058|0.1349|0.8806|0.2628|0.0705|0.2459|0.9583|0.1989|0.0311|0.1607|0.9968|0.1724|0.0|0.1511|1.0|0.1472|0.0408|0.1361|0.9764|0.1663|0.047|0.1383|0.5236|0.4744|0.2975|0.456|0.4196|0.7139|0.1871|0.7073|0.3682|0.9156|0.1534|0.9076|0.3386|0.9376|0.179|0.9317|0.3994|1.0|0.0295|0.9787|
0.5413|0.0719|0.5705|0.0528|0.5892|0.0537|0.6063|0.0547|0.5138|0.0507|0.4947|0.0506|0.4763|0.0509|0.623|0.0671|0.4447|0.0618|0.5714|0.095|0.4976|0.0926|0.7149|0.1868|0.3029|0.1705|1.0|0.2169|0.0349|0.1964|0.9904|0.0741|0.0744|0.0489|0.9999|0.0352|0.0886|0.0094|0.9745|0.032|0.1147|0.0|0.9653|0.0478|0.1126|0.0169|0.5501|0.4915|0.3027|0.4764|0.432|0.7241|0.1774|0.7105|0.3726|0.9203|0.1208|0.9125|0.331|0.9404|0.1403|0.9374|0.4101|1.0|0.0|0.9802|
0.5441|0.1386|0.5689|0.1257|0.5857|0.1269|0.6019|0.1281|0.5202|0.1245|0.501|0.1252|0.4829|0.1264|0.6171|0.1415|0.4529|0.1382|0.5766|0.1601|0.5071|0.1591|0.7264|0.2426|0.3307|0.2331|1.0|0.216|0.0548|0.1751|0.963|0.0793|0.143|0.0427|0.9612|0.0385|0.156|0.0042|0.9279|0.0343|0.1947|0.0|0.9218|0.0458|0.196|0.015|0.5621|0.5193|0.312|0.5062|0.4422|0.7386|0.1789|0.7246|0.3831|0.9229|0.1169|0.9136|0.3463|0.9431|0.1503|0.9377|0.4258|1.0|0.0|0.9738|
0.5732|0.1691|0.599|0.1547|0.6171|0.156|0.6343|0.1572|0.5432|0.1527|0.5231|0.1528|0.5031|0.1533|0.6444|0.1674|0.467|0.1624|0.6036|0.1903|0.5291|0.1893|0.741|0.2661|0.3247|0.252|1.0|0.2129|0.0943|0.1714|0.9155|0.0771|0.1975|0.0433|0.9061|0.041|0.2067|0.0037|0.8861|0.0358|0.2375|0.0|0.8806|0.0467|0.2433|0.0126|0.5696|0.538|0.3161|0.5245|0.4569|0.7494|0.196|0.7384|0.3907|0.9259|0.1233|0.9216|0.348|0.9483|0.1574|0.9462|0.4453|1.0|0.0|0.9835|
0.5574|0.1682|0.5902|0.1543|0.6077|0.1554|0.6216|0.1561|0.5337|0.1526|0.5118|0.1526|0.4957|0.1526|0.6366|0.1673|0.4601|0.1598|0.5895|0.1904|0.5171|0.1878|0.737|0.2645|0.32|0.2521|1.0|0.2129|0.0868|0.1773|0.8929|0.0793|0.2095|0.043|0.8857|0.0449|0.219|0.0002|0.8512|0.0411|0.2557|0.0|0.849|0.0543|0.2646|0.0165|0.5682|0.5327|0.3121|0.5234|0.4579|0.7497|0.1973|0.7367|0.3904|0.9251|0.1167|0.9156|0.3456|0.9458|0.1469|0.9435|0.4452|1.0|0.0|0.9808|
0.5387|0.1332|0.5664|0.1178|0.581|0.1183|0.607|0.1199|0.5145|0.1172|0.4978|0.1174|0.48|0.1178|0.6234|0.1313|0.4483|0.1273|0.5635|0.1561|0.4972|0.1548|0.727|0.2408|0.3185|0.2233|1.0|0.2289|0.0563|0.1958|0.8962|0.0848|0.1818|0.0416|0.8865|0.0539|0.1942|0.0025|0.8516|0.0518|0.232|0.0|0.8485|0.0601|0.2352|0.0158|0.5621|0.5226|0.3134|0.5089|0.4588|0.7447|0.1881|0.7279|0.3817|0.9237|0.1221|0.9148|0.3464|0.9472|0.1537|0.9411|0.4516|1.0|0.0|0.9778|
0.6157|0.0211|0.6547|0.0056|0.6762|0.0079|0.6965|0.0103|0.5922|0.0014|0.5688|0.0005|0.5483|0.0|0.7167|0.0288|0.5133|0.0156|0.6488|0.0501|0.5653|0.0451|0.8223|0.1581|0.3329|0.142|1.0|0.279|0.0826|0.2596|0.9788|0.2335|0.1186|0.1687|0.9918|0.2377|0.1475|0.1468|0.9709|0.2227|0.1579|0.1304|0.9414|0.2316|0.1591|0.1335|0.6357|0.4716|0.3442|0.4541|0.5031|0.708|0.2034|0.6972|0.433|0.9132|0.1355|0.9073|0.3889|0.9361|0.1701|0.9327|0.4888|1.0|0.0|0.9791|
0.6468|0.0202|0.6818|0.0029|0.7033|0.0044|0.724|0.0058|0.6177|0.0006|0.594|0.0001|0.5712|0.0|0.7408|0.02|0.5309|0.0124|0.6764|0.0474|0.5938|0.0445|0.8606|0.1558|0.3454|0.1411|0.9688|0.2771|0.1931|0.2761|0.9873|0.3933|0.1087|0.3114|1.0|0.4355|0.0462|0.3374|0.9635|0.4293|0.0791|0.3337|0.9419|0.4182|0.121|0.3256|0.661|0.4724|0.3572|0.4562|0.5359|0.7153|0.2142|0.7028|0.4577|0.9169|0.1464|0.9033|0.4072|0.94|0.1863|0.9269|0.5192|1.0|0.0|0.9783|
0.6795|0.02|0.7168|0.003|0.7403|0.0044|0.7625|0.0057|0.6458|0.0007|0.6197|0.0003|0.596|0.0|0.7826|0.0189|0.5564|0.0116|0.7151|0.0461|0.6252|0.0437|0.9172|0.1559|0.3626|0.1384|0.9681|0.3162|0.2262|0.2814|0.9844|0.4616|0.1109|0.3881|1.0|0.506|0.0189|0.4194|0.9634|0.5017|0.065|0.4231|0.9365|0.487|0.1104|0.4076|0.6903|0.4693|0.3513|0.4454|0.5658|0.7085|0.2245|0.6958|0.4667|0.9113|0.1432|0.8985|0.4231|0.936|0.1653|0.9223|0.5481|1.0|0.0|0.9731|
0.6789|0.0243|0.7234|0.0057|0.7483|0.0075|0.7721|0.0091|0.6485|0.0018|0.6213|0.0007|0.5978|0.0|0.7993|0.0222|0.5586|0.011|0.7153|0.051|0.6208|0.0462|0.9327|0.1575|0.3647|0.141|0.9595|0.3332|0.2325|0.3|0.9765|0.4897|0.1148|0.4381|1.0|0.5371|0.0605|0.483|0.9574|0.5357|0.0947|0.4837|0.9426|0.5201|0.1272|0.4728|0.6955|0.4734|0.3457|0.4503|0.574|0.7149|0.2143|0.7019|0.4777|0.9143|0.1466|0.9037|0.4283|0.936|0.1866|0.9278|0.56|1.0|0.0|0.9773|
0.6772|0.0222|0.7218|0.005|0.747|0.0068|0.7718|0.0087|0.6475|0.0012|0.6209|0.0003|0.5973|0.0|0.7996|0.0231|0.5577|0.0121|0.7141|0.05|0.6194|0.045|0.9439|0.1568|0.365|0.144|0.9774|0.3302|0.2274|0.306|0.9873|0.4769|0.115|0.4478|1.0|0.524|0.0586|0.493|0.9668|0.5234|0.0897|0.4963|0.9407|0.5057|0.1236|0.4829|0.6993|0.4677|0.3496|0.4467|0.5712|0.711|0.2206|0.6947|0.4786|0.912|0.1658|0.8995|0.4355|0.9387|0.1868|0.9292|0.5594|1.0|0.0|0.9744|
0.6727|0.0242|0.7162|0.0057|0.7408|0.0075|0.7652|0.0094|0.6433|0.0018|0.6168|0.0007|0.5936|0.0|0.7908|0.023|0.5532|0.0112|0.7094|0.0508|0.6167|0.0459|0.9266|0.1562|0.3581|0.1439|0.9688|0.3282|0.2247|0.3013|0.9802|0.4768|0.1186|0.4435|1.0|0.5224|0.0633|0.4889|0.9576|0.5202|0.0964|0.4927|0.9284|0.5068|0.1298|0.4792|0.6907|0.4689|0.3462|0.4471|0.5588|0.7116|0.2185|0.6904|0.4701|0.9126|0.1625|0.9031|0.4324|0.9359|0.1861|0.9263|0.5511|1.0|0.0|0.9793|
0.6659|0.0251|0.7054|0.0056|0.7286|0.0073|0.7508|0.0088|0.6347|0.0019|0.6084|0.0008|0.585|0.0|0.772|0.0213|0.543|0.0108|0.7019|0.0512|0.6125|0.0464|0.8979|0.154|0.3525|0.1404|0.9496|0.3223|0.2161|0.2999|0.9708|0.4758|0.1045|0.4413|1.0|0.5243|0.0531|0.4855|0.9743|0.5215|0.0895|0.4893|0.9427|0.5083|0.123|0.4756|0.6785|0.4678|0.344|0.4491|0.5492|0.7097|0.2143|0.6978|0.4617|0.911|0.163|0.9004|0.4239|0.9317|0.1864|0.9226|0.5339|1.0|0.0|0.978|
0.6525|0.0241|0.6939|0.0049|0.7175|0.0065|0.7405|0.0081|0.6219|0.0015|0.5951|0.0006|0.5718|0.0|0.7635|0.0213|0.5305|0.0111|0.6888|0.051|0.5978|0.0464|0.8915|0.1534|0.3383|0.1457|0.9441|0.3186|0.2074|0.3026|0.9764|0.4751|0.0899|0.4388|1.0|0.52|0.0289|0.4829|0.974|0.5197|0.0735|0.4865|0.9439|0.5063|0.0968|0.4732|0.6729|0.4685|0.3405|0.4501|0.5457|0.7097|0.2182|0.6904|0.455|0.9107|0.1418|0.9|0.4066|0.9311|0.1803|0.9222|0.528|1.0|0.0|0.9771|
0.6468|0.0234|0.6874|0.0055|0.7105|0.0073|0.7337|0.009|0.6176|0.0018|0.5914|0.0007|0.5683|0.0|0.7574|0.0229|0.5286|0.0119|0.6819|0.0506|0.5927|0.0457|0.885|0.1548|0.3374|0.1436|0.9397|0.3198|0.2045|0.3026|0.9744|0.4737|0.0877|0.4381|1.0|0.519|0.0264|0.4821|0.9752|0.519|0.0544|0.4851|0.9443|0.5053|0.0933|0.4723|0.6684|0.4684|0.335|0.4511|0.5473|0.7101|0.21|0.6974|0.4546|0.9099|0.1561|0.9002|0.4058|0.9297|0.1811|0.9221|0.529|1.0|0.0|0.9782|
0.6543|0.0234|0.6941|0.0051|0.7171|0.0068|0.7396|0.0085|0.6252|0.0016|0.5991|0.0006|0.5761|0.0|0.7627|0.0222|0.5361|0.0121|0.689|0.0502|0.6007|0.0459|0.8906|0.1535|0.3499|0.1422|0.9463|0.3158|0.2122|0.3001|0.9732|0.4704|0.0976|0.4385|1.0|0.517|0.0357|0.4826|0.9705|0.5168|0.082|0.4857|0.9416|0.5012|0.1138|0.4727|0.6693|0.4672|0.3349|0.448|0.5523|0.7099|0.2023|0.6951|0.4601|0.9106|0.1447|0.8988|0.4091|0.9307|0.1826|0.9227|0.5399|1.0|0.0|0.9745|
0.6579|0.0235|0.6985|0.0049|0.722|0.0066|0.7446|0.0081|0.6283|0.0015|0.6017|0.0006|0.5785|0.0|0.768|0.0219|0.5386|0.0119|0.6933|0.0504|0.6035|0.0463|0.8957|0.1532|0.3513|0.1419|0.9499|0.3162|0.2138|0.2987|0.9691|0.4713|0.1015|0.4365|1.0|0.5184|0.0357|0.482|0.9698|0.518|0.0864|0.4848|0.9411|0.5025|0.1194|0.4714|0.672|0.4678|0.3382|0.4475|0.5489|0.7093|0.2003|0.6956|0.4616|0.911|0.1556|0.8996|0.4231|0.9319|0.1804|0.9228|0.5418|1.0|0.0|0.9756|
0.6695|0.0245|0.7131|0.0052|0.7376|0.0069|0.7609|0.0085|0.6396|0.0016|0.6127|0.0007|0.5892|0.0|0.7869|0.0221|0.5503|0.0114|0.7073|0.0515|0.6147|0.0469|0.9135|0.1527|0.3633|0.1417|0.9581|0.3206|0.2279|0.2988|0.971|0.4739|0.1224|0.4383|1.0|0.5206|0.067|0.4844|0.9592|0.5189|0.1016|0.4871|0.9405|0.5059|0.1346|0.4737|0.6835|0.4686|0.3471|0.4482|0.563|0.711|0.2062|0.6986|0.4674|0.9144|0.1478|0.9007|0.4161|0.9333|0.1871|0.9228|0.5464|1.0|0.0|0.9753|
0.6789|0.0248|0.7233|0.0055|0.748|0.0072|0.7709|0.0087|0.6491|0.0018|0.6218|0.0008|0.5982|0.0|0.7953|0.0222|0.5602|0.0113|0.7167|0.0516|0.6237|0.047|0.9233|0.1548|0.3664|0.1419|0.9658|0.3273|0.2308|0.3019|0.9769|0.4799|0.1286|0.4424|1.0|0.528|0.0717|0.4872|0.9614|0.5243|0.1152|0.4904|0.9428|0.5116|0.138|0.4771|0.6826|0.4695|0.3462|0.4479|0.561|0.7101|0.2199|0.6913|0.4641|0.9135|0.1446|0.9032|0.426|0.9357|0.1831|0.9264|0.5457|1.0|0.0|0.9788|
END
