START
0.55419842|0.01747628|0.57193614|0.0|0.58516722|0.00018556|0.60409540|0.00019187|0.53062210|0.00150244|0.51200009|0.00289047|0.49695440|0.00392811|0.61562588|0.01196258|0.46252064|0.02569471|0.58736564|0.04516214|0.52970615|0.04767903|0.80526016|0.13873795|0.31382584|0.16960739|0.97048451|0.26091237|0.11443127|0.30119912|0.98861588|0.37508723|0.04360362|0.34646149|1.0|0.41301613|0.0|0.35872445|0.97144762|0.40858620|0.03099071|0.35318115|0.95662328|0.39925059|0.03984763|0.35571306|0.71857572|0.49194503|0.45222983|0.49922363|0.80071490|0.72641109|0.36293783|0.73421608|0.86269034|0.92318912|0.38316457|0.91138609|0.83373053|0.94928486|0.42159296|0.92810216|0.93889283|0.99755325|0.29964706|1.0|
0.50549576|0.19212639|0.52977448|0.16895651|0.54729648|0.16876258|0.56151409|0.16816123|0.47879388|0.16983323|0.46254897|0.17014796|0.44693790|0.17027630|0.58956236|0.18174562|0.42521241|0.18013502|0.54149078|0.21581104|0.47879987|0.21593715|0.70068977|0.27379804|0.33856405|0.27524553|0.83375132|0.16745111|0.15722232|0.18566086|0.66703740|0.04116272|0.31623575|0.04428961|0.62357929|0.01485965|0.36092587|0.00364763|0.59243729|0.01194213|0.37313608|0.0|0.59542918|0.02092354|0.37046867|0.01907168|0.65441407|0.61571211|0.41696045|0.61133304|0.77759272|0.77548636|0.24398877|0.79815613|0.84980839|0.91254417|0.08667225|0.91189394|0.80361313|0.93630653|0.08372322|0.92946930|1.0|0.98020556|0.0|1.0|
0.47474647|0.01583662|0.48422703|0.00230247|0.49956912|0.00230065|0.51198938|0.00229644|0.44142366|0.0|0.42687830|0.00064861|0.41217887|0.00062507|0.51549544|0.01449499|0.37325584|0.02027232|0.49698299|0.04032149|0.44390579|0.04438590|0.66601941|0.13635772|0.22864370|0.14897832|0.89178152|0.20326783|0.0|0.24215370|0.94719583|0.24565337|0.01394616|0.32030069|1.0|0.26900716|0.00742655|0.34542716|0.95427913|0.26661615|0.04344886|0.33793188|0.94329817|0.26198642|0.05543595|0.33182536|0.62450387|0.46311009|0.38337370|0.47696589|0.66323402|0.69472971|0.37316798|0.69307333|0.67580512|0.90411245|0.34847295|0.90744469|0.65166875|0.92824053|0.36412066|0.92927220|0.74243925|0.99395996|0.29917115|1.0|
0.50389165|0.01870965|0.52851260|0.0|0.55105167|0.00036610|0.57331409|0.00085359|0.46222155|0.00120771|0.43589942|0.00262754|0.41080631|0.00459009|0.59990663|0.01652180|0.37218148|0.02451962|0.55232733|0.04593966|0.45806505|0.04854990|0.78859368|0.15682149|0.20132313|0.16601050|0.88969983|0.31696055|0.11478130|0.34085599|0.96609006|0.45755565|0.05219740|0.47154336|1.0|0.50001860|0.0|0.51778321|0.95937339|0.50194425|0.03622284|0.52137556|0.93039725|0.48897037|0.07016489|0.50599144|0.68153226|0.46969168|0.35351228|0.46949675|0.74254467|0.70466739|0.31762701|0.70217391|0.78223763|0.92341575|0.35518827|0.91470623|0.73126413|0.95209682|0.40766913|0.94418431|0.89560109|0.99958488|0.24320928|1.0|
END
START
0.52392149|0.02070471|0.54632800|0.00006726|0.56334864|0.0|0.57813767|0.00010558|0.48898278|0.00177551|0.46704315|0.00298347|0.44506700|0.00441965|0.59639408|0.01186428|0.40732425|0.02092249|0.55979248|0.04773998|0.48248523|0.04986730|0.76097185|0.14685969|0.25664401|0.17297154|0.94233256|0.29892073|0.15294206|0.33862547|0.99347298|0.43989105|0.04497250|0.43630119|1.0|0.48260139|0.0|0.48512204|0.95988856|0.47928008|0.02296753|0.46953263|0.95369405|0.46197224|0.03359859|0.46261861|0.70066347|0.47267808|0.42437074|0.48192735|0.78757720|0.71232874|0.38646145|0.71874602|0.79235217|0.91163643|0.42599907|0.92013486|0.74329593|0.93564171|0.46093890|0.94401591|0.88033051|0.98595668|0.32255363|1.0|
0.48246128|0.19225831|0.50653372|0.17418035|0.52021552|0.17405275|0.53208974|0.17389803|0.46075024|0.17516395|0.44420266|0.17587520|0.43009669|0.17648947|0.55066711|0.18652763|0.40647002|0.18716254|0.51232652|0.21348479|0.45566116|0.21479839|0.66174902|0.27191982|0.29819308|0.27154744|0.82802727|0.18603848|0.11338704|0.19908260|0.76433468|0.04925282|0.21498597|0.04869904|0.74458417|0.01581001|0.23622453|0.00367311|0.72225268|0.00962500|0.26185826|0.0|0.71676464|0.02498182|0.26450716|0.01567341|0.60485485|0.58972979|0.37280669|0.59556705|0.73685486|0.76591307|0.23698536|0.79970558|0.86475692|0.90216829|0.08273889|0.91774370|0.86428607|0.92268149|0.07896040|0.93762184|1.0|0.96703279|0.0|1.0|
0.50309305|0.01859694|0.52981649|0.0|0.54811078|0.00118470|0.56470489|0.00248623|0.47513578|0.00058966|0.45694240|0.00185879|0.43951461|0.00333882|0.59412093|0.01767730|0.41274681|0.02167331|0.54189520|0.04749335|0.46779016|0.04908793|0.73541331|0.16362064|0.28889744|0.17807620|0.86779571|0.31684694|0.16451720|0.33403003|0.95682441|0.45022685|0.03079423|0.42005325|1.0|0.49287672|0.0|0.46665965|0.96606625|0.49484099|0.00438256|0.44891614|0.93044755|0.47795933|0.03502453|0.44427174|0.68368116|0.48280451|0.43158357|0.50023439|0.72634580|0.72114388|0.41362920|0.72004915|0.72350250|0.92370052|0.41607801|0.92228311|0.68322849|0.95318206|0.45931516|0.94930253|0.80668428|0.99623298|0.32352263|1.0|
0.48895166|0.01833209|0.51744110|0.00014386|0.54098256|0.00085982|0.55946654|0.00144100|0.44497316|0.0|0.41821239|0.00109980|0.39014335|0.00275333|0.58345665|0.01616652|0.33872965|0.02014764|0.53061251|0.04641041|0.43040661|0.04829834|0.75164316|0.15436614|0.17592027|0.16243929|0.88969482|0.31336022|0.08874972|0.33442760|0.96198030|0.45256912|0.03781717|0.47831045|1.0|0.49741107|0.0|0.52495050|0.96087679|0.49835072|0.04278420|0.52462761|0.92649063|0.48489342|0.06139102|0.51080776|0.68589603|0.47045949|0.35105702|0.47739487|0.71420783|0.71957162|0.33570245|0.70866443|0.76537485|0.92764676|0.32913384|0.91816879|0.70880751|0.95484122|0.36860280|0.94595483|0.88043882|0.99719730|0.21326000|1.0|
END
START
0.55221188|0.02131017|0.57501728|0.00086685|0.59492568|0.00230899|0.61258413|0.00372527|0.51131030|0.0|0.48825549|0.00097305|0.46393043|0.00258426|0.64103378|0.02070953|0.42448503|0.02452304|0.59172887|0.04808375|0.50674254|0.05112626|0.80980147|0.16587944|0.28716144|0.18580281|0.94756681|0.32737262|0.17726857|0.35448854|0.99278894|0.47889446|0.05843021|0.48625646|1.0|0.52709567|0.0|0.52828429|0.95479791|0.51442169|0.01663474|0.53136545|0.94620798|0.50311949|0.05166777|0.51519824|0.72290089|0.50084212|0.43175365|0.50525122|0.82654055|0.74306797|0.31719394|0.73211531|0.81345034|0.92764719|0.42924846|0.91347432|0.75415754|0.94992603|0.48474818|0.94120620|0.88941845|0.99851823|0.32426077|1.0|
0.51533810|0.15626213|0.52404940|0.14342582|0.54512999|0.15154896|0.55203773|0.15165933|0.48857645|0.14467038|0.47929599|0.14563472|0.46890295|0.14596351|0.56623097|0.16440508|0.43875233|0.16786332|0.52759927|0.18054700|0.48465396|0.18272801|0.67786463|0.26191509|0.32579647|0.25983385|0.86135109|0.19643690|0.12840768|0.18866127|0.88449215|0.03799567|0.03305442|0.04912864|0.87839049|0.00829982|0.0|0.01242789|0.84620922|0.00109463|0.01906958|0.0|0.84544609|0.01373185|0.02324301|0.01410636|0.61785445|0.56868722|0.39702590|0.57178542|0.76490483|0.75427336|0.22307999|0.77190435|0.89706835|0.90652464|0.07803561|0.92582199|0.88366520|0.92640603|0.07493011|0.94602442|1.0|0.97725054|0.00502010|1.0|
0.48356143|0.01183225|0.48711020|0.0|0.49789448|0.00064238|0.50401132|0.00081222|0.46098663|0.00296961|0.45298613|0.00537994|0.44370804|0.00719944|0.50392563|0.02065799|0.41796683|0.03349723|0.49856426|0.04123141|0.46891808|0.04362135|0.61919964|0.15282163|0.33026685|0.16041817|0.81476785|0.19788327|0.14397077|0.19133585|0.94972235|0.15485972|0.03065446|0.07316213|1.0|0.13188994|0.0|0.04842988|0.99604908|0.12359190|0.00939648|0.02817085|0.96809620|0.12918132|0.02661725|0.04450091|0.58349492|0.50001926|0.41118521|0.50063104|0.67804650|0.70670511|0.32891511|0.71930681|0.76281026|0.89881115|0.19191480|0.90082358|0.75435677|0.92602518|0.17895476|0.93703324|0.85324615|0.96835809|0.15748959|1.0|
0.46223108|0.02002561|0.49340890|0.00020192|0.51742020|0.00001347|0.54051214|0.0|0.42251174|0.00315358|0.39839320|0.00479776|0.37259859|0.00676459|0.57420501|0.01273444|0.33838199|0.02326258|0.51640016|0.04595859|0.41840522|0.04978269|0.78505247|0.14969610|0.16748825|0.15811240|0.90944591|0.30592031|0.11331307|0.33850944|0.97246180|0.45854758|0.04308461|0.47864914|1.0|0.50772686|0.0|0.52591171|0.96738388|0.50777407|0.03219926|0.52900884|0.93379063|0.49041112|0.04928652|0.51440118|0.69251784|0.47893865|0.34513716|0.48159353|0.74240661|0.72276162|0.31028374|0.71698002|0.74895740|0.92168263|0.32887469|0.90795990|0.71053772|0.94852787|0.36698862|0.93191729|0.87611540|0.99880247|0.19307884|1.0|
0.45685840|0.01758666|0.48262268|0.0|0.50520327|0.00054022|0.52612527|0.00114298|0.41348444|0.00054777|0.38645024|0.00173283|0.36054678|0.00351463|0.54962606|0.01537103|0.31710246|0.02161845|0.50339650|0.04625644|0.40537023|0.04886939|0.73083175|0.15301976|0.15928780|0.16251385|0.84348311|0.30647520|0.09163825|0.33189358|0.94377087|0.44796795|0.04331568|0.46565558|1.0|0.49083988|0.0|0.51437366|0.94821505|0.49322535|0.02899502|0.51702769|0.92663745|0.47443059|0.06222479|0.50176696|0.66122970|0.48771621|0.32408793|0.48959911|0.71418179|0.72274664|0.32111101|0.71852013|0.72128946|0.92029624|0.30196827|0.90722051|0.68069697|0.94720200|0.35166664|0.93239547|0.84767202|1.0|0.20305420|0.99403007|
END
START
0.54134143|0.01983241|0.56683610|0.0|0.58679047|0.00036627|0.60386721|0.00106390|0.50775596|0.00109311|0.48522958|0.00251602|0.46427447|0.00437316|0.62710391|0.01675165|0.43172413|0.02228017|0.58000288|0.04915968|0.50008030|0.05032188|0.78684744|0.15379154|0.28163162|0.17583577|0.95420747|0.30562094|0.16874528|0.34377945|1.0|0.42476433|0.05327606|0.45506421|0.99912449|0.47453428|0.0|0.49031493|0.94253269|0.47581898|0.00797291|0.49012768|0.93709203|0.46781586|0.04174753|0.48304808|0.70212511|0.49022412|0.42263996|0.49867697|0.81355393|0.72766538|0.34997720|0.73181216|0.78314863|0.92023264|0.43739741|0.90958870|0.73579560|0.94369774|0.47961834|0.93245249|0.88642821|0.99264554|0.34205357|1.0|
0.48647552|0.19236849|0.49219434|0.17274618|0.49921911|0.17182719|0.51728766|0.17118469|0.45573833|0.17372030|0.43272267|0.17311034|0.42239294|0.17256383|0.51973988|0.18657672|0.39474735|0.18708090|0.50157135|0.21381251|0.45935091|0.21603178|0.64071703|0.27853789|0.29548291|0.27709198|0.77780430|0.17528211|0.12961340|0.18900771|0.69100770|0.04190937|0.09585419|0.03529943|0.68821884|0.01090802|0.08732490|0.00096136|0.68704175|0.01128286|0.09002604|0.0|0.68393384|0.02571646|0.13135101|0.01728257|0.60080643|0.60651642|0.38599640|0.60443116|0.76781441|0.76787211|0.21353901|0.77875955|0.89147116|0.91428126|0.08014332|0.92561898|0.89599030|0.93782349|0.09729875|0.94995337|1.0|0.97757005|0.0|1.0|
0.55174914|0.01085368|0.55462506|0.00005181|0.56363055|0.0|0.57099824|0.00001790|0.53291665|0.00372450|0.52574933|0.00596280|0.51772051|0.00799609|0.57259859|0.01664366|0.49229954|0.02472687|0.57179260|0.04038053|0.54035887|0.04260438|0.68854859|0.14426870|0.39975144|0.15883016|0.86643649|0.21148210|0.19598009|0.23581487|0.96829223|0.21224746|0.04768351|0.19463818|1.0|0.21928991|0.0|0.17957200|0.97586039|0.21186954|0.00612929|0.17412995|0.94527318|0.21164839|0.03563133|0.17233385|0.68976757|0.49494964|0.50201045|0.50840085|0.76128504|0.69509913|0.40985621|0.70806870|0.80852248|0.91467901|0.35200276|0.91095690|0.78441636|0.93835484|0.34725398|0.93806605|0.89072833|0.98019488|0.30208051|1.0|
0.47826099|0.01684122|0.49795805|0.0|0.51855132|0.00036867|0.53624576|0.00067418|0.43483653|0.00085957|0.41208014|0.00203016|0.38663885|0.00369143|0.55250653|0.01585229|0.34164578|0.02270571|0.51918290|0.04289831|0.43157678|0.04571229|0.72981561|0.15609320|0.16326838|0.16349713|0.87100966|0.30444537|0.08160202|0.33490200|0.95742957|0.45140535|0.04528009|0.46333123|1.0|0.49751647|0.0|0.51168626|0.96742821|0.50198971|0.03436307|0.51432860|0.93586995|0.48146206|0.07050471|0.49888829|0.64701989|0.49129292|0.32738274|0.49419841|0.70620234|0.71864539|0.28845060|0.71915951|0.74165988|0.91525585|0.30069535|0.91812061|0.68902807|0.94900983|0.35800318|0.95011164|0.85767534|0.99280191|0.20439286|1.0|
END
START
0.50193592|0.01890214|0.52451707|0.00008184|0.54450535|0.00103064|0.56075182|0.00208601|0.46611368|0.0|0.44522419|0.00099571|0.42249350|0.00267833|0.58677102|0.01898708|0.38730643|0.02402579|0.54103439|0.04776612|0.46098493|0.04850861|0.74982446|0.16173638|0.23994347|0.17831985|0.88644025|0.31739015|0.14514428|0.35030319|0.95780026|0.43755552|0.04126262|0.47958772|1.0|0.47962230|0.0|0.52610871|0.96018948|0.47966483|0.01183754|0.52908007|0.94879794|0.46027608|0.03968248|0.51910072|0.67402883|0.50695846|0.40107721|0.51250863|0.77734068|0.73295672|0.31303153|0.73935549|0.78163924|0.92570076|0.38806271|0.91290339|0.73953740|0.95138287|0.44945451|0.93927652|0.86080150|0.99427270|0.28272434|1.0|
0.51776675|0.18468297|0.52435999|0.16700655|0.54212767|0.16674392|0.54676808|0.16597136|0.49217128|0.16844738|0.48431183|0.16895505|0.47548607|0.16906043|0.55980007|0.18370456|0.45218260|0.18510738|0.53586168|0.20608682|0.49222554|0.20759401|0.69397852|0.28151563|0.34911741|0.27436141|0.83236856|0.20437424|0.12397465|0.15342963|0.87736940|0.04824046|0.03154246|0.03092010|0.90789293|0.01457317|0.0|0.00071527|0.87080780|0.01889663|0.02402881|0.0|0.86748398|0.03261585|0.02874462|0.01329107|0.62339733|0.59610408|0.43003673|0.60030023|0.76238849|0.76812246|0.27004949|0.79298589|0.89748200|0.91737468|0.12271018|0.93071498|0.90335509|0.94214939|0.12134047|0.95018326|1.0|0.97680109|0.03634867|1.0|
0.46710507|0.01332233|0.47288556|0.00048157|0.47817514|0.00067021|0.49009892|0.0|0.44704094|0.00268481|0.43852413|0.00949030|0.42141023|0.01133534|0.49611876|0.02017388|0.41189114|0.02855791|0.48117159|0.03982224|0.44667118|0.04224738|0.61959923|0.14015372|0.33419339|0.15407270|0.80803997|0.17092826|0.15476600|0.18058481|0.95895440|0.11661017|0.03674493|0.06851733|1.0|0.10105510|0.0|0.04302369|0.99742622|0.08247930|0.01282590|0.02499603|0.97215435|0.09592274|0.03224608|0.03940912|0.59255213|0.48067100|0.42444128|0.49173284|0.67923580|0.69910747|0.35130173|0.71325775|0.76383757|0.89610654|0.23417572|0.90524821|0.75041257|0.92486955|0.23114671|0.92896678|0.84832302|0.96760069|0.18863721|1.0|
0.46159221|0.02006143|0.48203596|0.00063476|0.50236581|0.00031015|0.52081637|0.0|0.41860485|0.00343266|0.39527221|0.00530677|0.37089288|0.00764139|0.54226270|0.01319820|0.33471846|0.02644302|0.50721924|0.04588730|0.41984929|0.04947169|0.73777447|0.15322941|0.17696398|0.16789662|0.85467678|0.29992195|0.11729111|0.33801584|0.94893330|0.44536810|0.03788141|0.47625421|1.0|0.48919396|0.0|0.52435553|0.96149471|0.49275754|0.02083200|0.52752295|0.94145348|0.47259775|0.04919739|0.51154257|0.63816838|0.48149802|0.32886464|0.48558867|0.69953607|0.70884990|0.32074152|0.71711523|0.69748132|0.92141460|0.33965782|0.90891613|0.65942925|0.94768474|0.39755819|0.93402610|0.81597769|1.0|0.24353616|0.99191298|
END
START
0.56083459|0.01995342|0.58479252|0.00073206|0.60332524|0.00032298|0.62249140|0.0|0.52651268|0.00354274|0.50330148|0.00487406|0.48165149|0.00814014|0.64346108|0.01379556|0.44606593|0.02256565|0.60242818|0.04530765|0.52366474|0.04931696|0.83843997|0.14736445|0.28511719|0.16845264|1.0|0.29241384|0.14335974|0.33818023|0.97102816|0.44148353|0.04755919|0.41563465|0.96949622|0.49361131|0.0|0.44300400|0.96545004|0.49085116|0.00504267|0.44264589|0.90603154|0.46598821|0.04239256|0.43785261|0.72083817|0.48653246|0.42500747|0.49261317|0.80937894|0.72612021|0.35645448|0.73541616|0.78944041|0.91999569|0.43975164|0.90956289|0.74375386|0.94667814|0.48289662|0.92048232|0.89560019|0.99975128|0.35097217|1.0|
0.50936444|0.20200550|0.51997665|0.18209543|0.53654534|0.18203493|0.54524540|0.18139117|0.48313284|0.18320025|0.47188982|0.18323106|0.46008477|0.18272766|0.54892681|0.19097204|0.43649325|0.18997551|0.53112315|0.22315254|0.48422060|0.22590680|0.66943882|0.27704208|0.32918238|0.28731315|0.79687594|0.18685948|0.16030159|0.18235586|0.70658335|0.03722014|0.18726511|0.03341177|0.70469561|0.01103453|0.18008885|0.00024296|0.69469478|0.0|0.22210110|0.00239849|0.68952540|0.01544522|0.22300126|0.01669080|0.62479073|0.62160196|0.41175992|0.61810710|0.76765426|0.79612458|0.23065840|0.80565458|0.88586194|0.91749306|0.10581128|0.93072399|0.89270650|0.93388418|0.10157409|0.95007024|1.0|0.98053037|0.0|1.0|
0.56892695|0.01679474|0.58321117|0.00004967|0.59518995|0.00096374|0.60613926|0.00177830|0.54873220|0.0|0.53656340|0.00105273|0.52295080|0.00252280|0.61419574|0.01885218|0.50102137|0.02011745|0.59004950|0.04457853|0.54376817|0.04562988|0.70691500|0.14514485|0.40296040|0.14750910|0.89831852|0.21325965|0.21702625|0.23777314|0.96617190|0.23021901|0.07215175|0.21940893|1.0|0.24119277|0.0|0.19921554|0.97299313|0.23951919|0.02475144|0.19703733|0.96645805|0.23461947|0.03165369|0.19676512|0.66690950|0.48111231|0.48296318|0.49501927|0.71702613|0.69289526|0.45955640|0.70694959|0.75481005|0.90982178|0.45569150|0.92316482|0.73589078|0.93497688|0.47558345|0.94428668|0.80950203|0.98242729|0.44093928|1.0|
0.44215413|0.01697189|0.47112345|0.0|0.49369349|0.00053410|0.51415104|0.00125472|0.40449654|0.00133533|0.37926525|0.00297762|0.35533466|0.00484873|0.53889355|0.01728927|0.31780950|0.02426580|0.49337138|0.04374260|0.39801678|0.04629527|0.72596521|0.15606292|0.15331429|0.16739497|0.85473330|0.30419716|0.09123252|0.33777265|0.95500415|0.45119016|0.04557825|0.46954542|1.0|0.49656600|0.0|0.51854595|0.96226273|0.49979306|0.03412880|0.52150041|0.92953065|0.48568036|0.06870975|0.50743395|0.65308312|0.48651600|0.32855532|0.49257475|0.68562404|0.71767923|0.30079226|0.71732827|0.68026607|0.92326567|0.31644849|0.90892924|0.63189619|0.95065306|0.36779462|0.93443152|0.80156153|1.0|0.22737767|0.99639912|
END
START
0.52039888|0.01704575|0.54041207|0.0|0.55597898|0.00035451|0.57497584|0.00057987|0.49227327|0.00086878|0.47181275|0.00186943|0.45361735|0.00276841|0.58710710|0.01247976|0.41784926|0.02323392|0.55431023|0.04358318|0.48796035|0.04508558|0.77644845|0.14639051|0.25907477|0.16319436|0.91806546|0.27307624|0.14497205|0.31716962|0.98852749|0.33428509|0.05349150|0.33571952|1.0|0.35541989|0.00150401|0.34911670|0.99101908|0.32748645|0.0|0.32370741|0.94640735|0.33120344|0.03744010|0.32551832|0.68678980|0.48593902|0.41527531|0.49003809|0.74464000|0.71972416|0.36813408|0.73457940|0.73041891|0.91870080|0.44427138|0.90609617|0.69308975|0.94285581|0.47665659|0.91521395|0.79258213|1.0|0.36547729|0.99674161|
0.51567574|0.21528473|0.53699911|0.19670181|0.54891422|0.19676724|0.56032951|0.19605642|0.49613080|0.19523309|0.47689306|0.19432092|0.46339835|0.19347443|0.56629752|0.21090557|0.43204956|0.20589864|0.54096738|0.23752864|0.49312525|0.23811905|0.68440335|0.29538678|0.33322391|0.29805353|0.80699438|0.18598634|0.18520166|0.18953916|0.70274619|0.04132762|0.29518830|0.03908423|0.68571085|0.00662083|0.30156240|0.00023201|0.65201951|0.00309102|0.33183101|0.0|0.66320592|0.01638705|0.33414227|0.01597743|0.63349062|0.64017259|0.40305087|0.64017764|0.77674746|0.82456649|0.19473552|0.81251405|0.88539085|0.93992609|0.08191195|0.91942616|0.88762059|0.96288490|0.07936102|0.94229882|1.0|1.0|0.0|0.99752300|
0.56883349|0.01752590|0.58468186|0.0|0.59763730|0.00056471|0.61049997|0.00103126|0.54956625|0.00008185|0.53693383|0.00086971|0.52397724|0.00189488|0.62386117|0.01918002|0.50547768|0.01938086|0.59207917|0.04556129|0.54653591|0.04615678|0.71889316|0.14993110|0.41161089|0.14981242|0.87984517|0.23329500|0.21399960|0.23532075|0.96095942|0.23432669|0.04976442|0.17734112|1.0|0.25077936|0.0|0.16833067|0.96978987|0.23975994|0.00330304|0.16127471|0.96386304|0.23550822|0.03913869|0.17981808|0.67816685|0.49998957|0.49176261|0.50518299|0.71163884|0.71290395|0.46449952|0.73254090|0.76424190|0.91661370|0.46550720|0.92370048|0.75270408|0.94157868|0.48831014|0.95041995|0.80288207|0.98676243|0.45673714|1.0|
0.44690491|0.01834108|0.47147201|0.0|0.49370413|0.00047823|0.51389917|0.00091532|0.40597685|0.00066155|0.37970790|0.00185460|0.35456945|0.00341236|0.53564919|0.01549578|0.31356554|0.02237235|0.49205311|0.04513412|0.39835587|0.04702927|0.70329704|0.14676831|0.16048218|0.16385787|0.82860905|0.29821037|0.09171428|0.33499914|0.94699052|0.44889189|0.03863488|0.48161878|1.0|0.49054071|0.0|0.52949729|0.96875338|0.49348692|0.02848934|0.53203773|0.94808930|0.47518972|0.05646870|0.51682112|0.63087748|0.49012808|0.33512983|0.49618197|0.66724565|0.71106503|0.33263414|0.71059471|0.66183518|0.91187371|0.35747161|0.90924242|0.61611146|0.94247121|0.39792283|0.93270414|0.77055200|0.99717330|0.24581256|1.0|
END
START
0.52232926|0.02025579|0.55244586|0.0|0.57310607|0.00047111|0.59308229|0.00086822|0.48629275|0.00017740|0.46351869|0.00065119|0.43833148|0.00113872|0.61707849|0.01330986|0.40415301|0.01652712|0.56478164|0.04684625|0.47889798|0.04832472|0.81143397|0.14302002|0.22401108|0.16065111|0.97991153|0.29601037|0.10446868|0.32127295|1.0|0.43045796|0.0|0.38064295|0.99528176|0.48125408|0.02153433|0.42507987|0.97951204|0.49203580|0.04277938|0.41363690|0.95294131|0.47663248|0.03316214|0.40587647|0.72084679|0.48727024|0.40581589|0.49044883|0.77891092|0.72574394|0.34607289|0.73459424|0.76970384|0.92056055|0.44844915|0.90773260|0.72065515|0.94735041|0.49306441|0.92867860|0.84820945|1.0|0.33729589|0.99717454|
0.50129124|0.21838612|0.51491605|0.19714106|0.53074297|0.19739943|0.54104747|0.19693486|0.47619230|0.19657035|0.46340032|0.19594811|0.44245339|0.19444994|0.55224631|0.20846854|0.42008964|0.20271404|0.52226242|0.23878802|0.47440156|0.24045858|0.65938383|0.30226088|0.32012091|0.30389236|0.78422513|0.19341376|0.17279882|0.18592431|0.68266638|0.04762446|0.22511505|0.03843574|0.67446203|0.01264711|0.21904797|0.0|0.64219909|0.01041188|0.25633007|0.00269896|0.63822062|0.02544801|0.25710597|0.00846430|0.61452525|0.64033576|0.38965566|0.63654917|0.76329989|0.81990178|0.22036715|0.80926691|0.87885597|0.92319962|0.09996476|0.92951909|0.88510403|0.94595344|0.10021419|0.95263743|1.0|0.99264879|0.0|1.0|
0.55689100|0.01475884|0.56374133|0.0|0.57425819|0.00014977|0.58360672|0.00037189|0.53602841|0.00296511|0.52677902|0.00490506|0.51675904|0.00665929|0.59111537|0.01484758|0.49557207|0.02444868|0.57638817|0.04147332|0.54102247|0.04410189|0.69840088|0.13734697|0.40657531|0.15001690|0.86348050|0.21202836|0.21485291|0.22809046|0.95950332|0.21346551|0.05291201|0.18540836|1.0|0.21773026|0.0|0.17022652|0.97594329|0.21737123|0.00506099|0.16380484|0.94410398|0.21644003|0.03516500|0.16281521|0.67582048|0.47887685|0.49589141|0.49098904|0.72458379|0.70290177|0.44340414|0.70500803|0.78126380|0.90306713|0.43476900|0.92832429|0.76501594|0.94547410|0.44238328|0.95845852|0.82415708|0.97270571|0.41948721|1.0|
0.45817362|0.01861617|0.48685282|0.0|0.51021566|0.00063457|0.53180585|0.00144159|0.42028102|0.00041547|0.39666654|0.00136786|0.37164710|0.00287182|0.56088414|0.01749265|0.33285970|0.02138614|0.50382563|0.04709336|0.41097281|0.04744214|0.73583458|0.16042094|0.16828797|0.16617115|0.85011318|0.31696840|0.09824262|0.33969738|0.95706391|0.45743452|0.04929572|0.47643276|1.0|0.50572483|0.0|0.52344894|0.97248486|0.50312730|0.03583464|0.52624119|0.93762015|0.48930061|0.07222556|0.51123969|0.62703888|0.49012056|0.31110295|0.49425114|0.66505883|0.71752753|0.28673142|0.72952196|0.66293952|0.91108493|0.34984358|0.91046958|0.61417679|0.93591401|0.39233944|0.94152681|0.75248083|0.99836272|0.23609333|1.0|
0.47342857|0.01686571|0.50038077|0.0|0.52271231|0.00040603|0.54440960|0.00085552|0.43500390|0.00128238|0.40917314|0.00273600|0.38425275|0.00451942|0.56805282|0.01634666|0.34447439|0.02279077|0.51993334|0.04334354|0.42697002|0.04595283|0.75327115|0.15147105|0.16857365|0.16146135|0.87361102|0.30140763|0.08693738|0.32804905|0.95235062|0.44885238|0.05381137|0.46717219|1.0|0.49720891|0.0|0.51508661|0.94907605|0.49959178|0.05704277|0.51477122|0.92722900|0.47866668|0.08126081|0.50048286|0.62828664|0.47738122|0.31695592|0.47895799|0.68006609|0.71508631|0.28943359|0.71490194|0.69670573|0.92532244|0.35550462|0.91037561|0.64592031|0.94923747|0.39995547|0.94148725|0.80134289|1.0|0.24406208|0.99853175|
END
START
0.55406676|0.02117481|0.58194316|0.0|0.60131291|0.00019449|0.61783584|0.00064499|0.52025753|0.00170696|0.49796759|0.00289161|0.47570652|0.00428330|0.64202710|0.01456702|0.43944066|0.01981924|0.59334556|0.04903182|0.51024171|0.04967720|0.80811672|0.15218569|0.26890232|0.16739731|0.95770660|0.30257982|0.14631397|0.33633651|1.0|0.43556109|0.04283692|0.44496572|0.99180258|0.47995446|0.0|0.49257163|0.98274208|0.47266618|0.00233354|0.49062142|0.93930269|0.45711592|0.03503931|0.46890743|0.71429301|0.48999679|0.42881805|0.49605330|0.78241522|0.73290786|0.39641523|0.72943908|0.77406613|0.92757646|0.48184722|0.90137620|0.72922592|0.95398181|0.51956478|0.92180021|0.84262725|1.0|0.39011235|0.99570883|
0.50237995|0.21136151|0.51179740|0.19244683|0.51902918|0.19210088|0.53614033|0.19178008|0.47424229|0.19270056|0.46264513|0.19264343|0.43822327|0.19167602|0.53836496|0.20871887|0.42458507|0.20594411|0.51295865|0.23100093|0.47141443|0.23215077|0.65158682|0.29413708|0.31430156|0.28884505|0.79095573|0.19626901|0.13807782|0.17974349|0.70415239|0.05920677|0.06199122|0.03508026|0.70391878|0.02450188|0.04325839|0.00109494|0.70267744|0.02472407|0.07253660|0.0|0.69823321|0.04006505|0.07872156|0.01397091|0.59617332|0.62347189|0.38815666|0.62058947|0.74423849|0.79467440|0.21238168|0.80912006|0.87295662|0.91800378|0.09785414|0.92788794|0.87515234|0.93989421|0.09689772|0.94901061|1.0|0.98406514|0.0|1.0|
0.52903221|0.01596456|0.54021652|0.0|0.54960031|0.00032415|0.55947751|0.00041959|0.51294132|0.00058777|0.50323325|0.00130127|0.49242149|0.00207148|0.56742152|0.01628333|0.47617669|0.01733528|0.54444204|0.04202039|0.51002521|0.04190800|0.65775095|0.13238528|0.38947828|0.14777103|0.82911160|0.18349130|0.19371752|0.19403126|0.94521312|0.17495964|0.04344076|0.09404525|1.0|0.16789565|0.0|0.07581615|0.97960455|0.16743099|0.00428259|0.06929691|0.97135292|0.16734503|0.02792151|0.06958170|0.64452359|0.47775326|0.47877223|0.49563490|0.69119484|0.73760451|0.42202889|0.71416610|0.76015400|0.91231922|0.40164469|0.92665510|0.73969763|0.93702288|0.40563419|0.95334898|0.78226238|0.96446703|0.36439551|1.0|
0.44297458|0.01686854|0.46973959|0.0|0.49095100|0.00086374|0.51116046|0.00198014|0.40840936|0.00101097|0.38569229|0.00246885|0.36231184|0.00452195|0.53662839|0.01995692|0.32502461|0.02416126|0.48733144|0.04485915|0.39964704|0.04646098|0.69753269|0.15725178|0.17816561|0.16892543|0.82532354|0.31421382|0.11295694|0.34233067|0.95775555|0.45852309|0.04204768|0.47583004|1.0|0.50287521|0.0|0.52345690|0.96836696|0.50567810|0.02240080|0.52579113|0.95292779|0.49024774|0.04948535|0.51051838|0.63798149|0.48602157|0.33733241|0.49194497|0.65869604|0.71898663|0.32054681|0.72081174|0.65820468|0.92237296|0.35036436|0.90689601|0.63441096|0.94573393|0.40199742|0.93227803|0.75067595|1.0|0.25089490|0.99019538|
0.48010550|0.01605786|0.50265619|0.0|0.52335929|0.00070441|0.54323420|0.00142774|0.43962952|0.00046014|0.41361724|0.00176217|0.38854467|0.00346001|0.56144956|0.01735944|0.34307535|0.02329129|0.52364489|0.04262454|0.43252805|0.04464055|0.73319405|0.15757699|0.17910041|0.16446959|0.85535202|0.31456403|0.10902895|0.33199235|0.95535117|0.45739575|0.05486123|0.47346910|1.0|0.50777593|0.0|0.52267337|0.95696379|0.50928154|0.03997611|0.52438101|0.93861926|0.49185883|0.07369943|0.50881401|0.64949463|0.47945700|0.33072767|0.48279009|0.67425158|0.71408023|0.33737017|0.71473286|0.70864345|0.92583491|0.38089169|0.91534300|0.65459241|0.95325252|0.40364875|0.94154401|0.81263210|1.0|0.25688738|0.99849118|
END
START
0.52490389|0.09936485|0.53402228|0.08701668|0.54467419|0.08827578|0.55068811|0.08889888|0.51539528|0.08498144|0.51002927|0.08494455|0.49469049|0.08492186|0.55164278|0.10517144|0.46607488|0.09839854|0.52492636|0.12286198|0.50284964|0.11942755|0.62246904|0.21463873|0.34978220|0.20876415|0.81826109|0.17163899|0.14072586|0.19334505|0.96974015|0.04507823|0.04476153|0.12263894|1.0|0.01601894|0.0|0.09117092|0.99737202|0.0|0.01948480|0.08421223|0.99263105|0.02119335|0.02254829|0.09884092|0.59244094|0.52148820|0.44140364|0.53497695|0.70333185|0.73162905|0.33392343|0.74190899|0.78416761|0.91449518|0.31223512|0.92078471|0.77452383|0.93768600|0.33607512|0.94063299|0.85419565|0.97973477|0.25398070|1.0|
0.47813981|0.14579112|0.49418812|0.14325613|0.49988573|0.14439372|0.50505507|0.14513592|0.46518210|0.14372419|0.44585030|0.14567663|0.43705421|0.14689700|0.51840519|0.16068394|0.42093180|0.17124811|0.50000822|0.17265475|0.46509731|0.17347685|0.64164271|0.26446980|0.32758130|0.28064171|0.84552529|0.17149182|0.10482858|0.17612353|0.96394378|0.03664709|0.03484608|0.05618409|1.0|0.00416907|0.0|0.02795820|0.97176056|0.0|0.02881026|0.01046658|0.96706312|0.00371679|0.03344313|0.02682897|0.61194421|0.60891163|0.40513607|0.60971493|0.74074003|0.79521717|0.24446165|0.79151336|0.86017411|0.91945299|0.14031960|0.92001116|0.85862340|0.94625743|0.14417084|0.94282562|0.97166521|0.98644625|0.06249740|1.0|
0.49250588|0.01993169|0.51711353|0.00088671|0.53181286|0.00254407|0.54786028|0.00442385|0.46587278|0.0|0.44724636|0.00122861|0.43102212|0.00253928|0.57128660|0.01997118|0.40666251|0.02080228|0.52536692|0.04962609|0.45676521|0.04924911|0.70652680|0.16360129|0.28045842|0.18442974|0.82830738|0.31666565|0.16944143|0.34423065|0.94455853|0.44243023|0.04101853|0.44327186|1.0|0.47542532|0.0|0.47918057|0.97812754|0.47698830|0.00734794|0.47981041|0.95873199|0.46752017|0.03097466|0.46804379|0.64832707|0.50231863|0.41666562|0.51931430|0.69090450|0.71174828|0.41145612|0.72445718|0.66502240|0.92665096|0.44822780|0.92255412|0.63319750|0.95202646|0.49169716|0.94699675|0.73557415|1.0|0.35777780|0.99785729|
0.44720152|0.01803637|0.47128653|0.0|0.49244452|0.00047750|0.51143461|0.00093176|0.41049530|0.00105354|0.38702443|0.00251767|0.36374862|0.00437114|0.53572857|0.01569869|0.32737262|0.02406003|0.49197148|0.04364767|0.40627818|0.04720663|0.71345388|0.15066651|0.18330028|0.16653084|0.83848660|0.30544192|0.11355437|0.32841059|0.95738201|0.45377311|0.04629722|0.46262216|1.0|0.49872647|0.0|0.51112545|0.96555323|0.50223582|0.02732351|0.51499799|0.94796871|0.48630112|0.05872198|0.50057319|0.65490487|0.48447621|0.34592381|0.49041864|0.67503190|0.71814624|0.32812549|0.71610674|0.68020632|0.92144166|0.35434933|0.90694740|0.64819005|0.94512304|0.40520694|0.93926743|0.76842683|1.0|0.26123842|0.99113083|
0.48347844|0.01977885|0.50603598|0.0|0.52742777|0.00010742|0.54492734|0.00017477|0.44233480|0.00108169|0.41895796|0.00217929|0.39318647|0.00367637|0.56618524|0.01399084|0.35439530|0.02162153|0.52462364|0.04552754|0.43846222|0.04843637|0.73788014|0.15219029|0.19716233|0.16257071|0.85420055|0.30699148|0.11736241|0.32880819|0.95369284|0.45226835|0.04902280|0.45932896|1.0|0.49774373|0.0|0.50597810|0.96891627|0.50096469|0.02826476|0.50982540|0.93927589|0.48695175|0.05977359|0.49224399|0.66506454|0.47809644|0.35015095|0.48524242|0.71335150|0.71767119|0.33927386|0.71633551|0.72310971|0.92443480|0.38601861|0.91196862|0.67552077|0.95025714|0.42244125|0.94576896|0.82493685|1.0|0.27176437|0.99653964|
END
START
0.53901706|0.01777418|0.56266205|0.0|0.58036317|0.00098807|0.59731173|0.00209035|0.50446929|0.00017607|0.48320453|0.00144867|0.46213517|0.00297130|0.62491107|0.01875182|0.42836790|0.02240773|0.57600443|0.04740040|0.49955930|0.04862343|0.77793967|0.16860953|0.28576722|0.18049984|0.89095778|0.32535745|0.17015239|0.34263910|0.98360981|0.44238423|0.04996002|0.47373540|1.0|0.48373049|0.0|0.52000675|0.99434215|0.48119367|0.01518624|0.51804489|0.94504490|0.46307531|0.03871998|0.50829852|0.67733899|0.51242254|0.41144820|0.51797299|0.73724079|0.73806785|0.36428703|0.74553450|0.74062114|0.92236509|0.47315558|0.90659973|0.70908494|0.94820627|0.51999567|0.93220360|0.80382377|1.0|0.38120119|0.99630085|
0.53221835|0.15348195|0.54166507|0.13838184|0.55587949|0.13906349|0.56220212|0.13921455|0.51089979|0.13790450|0.50128936|0.13811326|0.49051764|0.13792007|0.56452677|0.15988147|0.45965997|0.15207801|0.53957122|0.17811456|0.50163803|0.17730849|0.67095510|0.25674008|0.33556214|0.23339022|0.85018791|0.18724487|0.11871683|0.14627882|0.94665068|0.04052324|0.01605459|0.03473571|0.98141767|0.00351815|0.0|0.00193635|0.98273751|0.0|0.00190204|0.00070154|0.97852190|0.00373736|0.02084367|0.01268614|0.62183326|0.57708364|0.41223325|0.57298432|0.76394184|0.76779834|0.25294699|0.76987925|0.93517478|0.90807019|0.12729748|0.92486506|0.93812636|0.92482386|0.12695259|0.94592847|1.0|0.98347665|0.03512341|1.0|
0.47942288|0.06450776|0.48498763|0.05103602|0.49058236|0.05156115|0.50408506|0.05173317|0.45811349|0.05114168|0.45087858|0.05208068|0.44232223|0.05962229|0.50512340|0.07031905|0.42438263|0.07448572|0.48754770|0.08879342|0.45623654|0.08835815|0.61709983|0.18172047|0.32690614|0.19144596|0.80498389|0.17213473|0.13375604|0.14957741|0.95669343|0.11793995|0.01395287|0.04890837|1.0|0.09731255|0.0|0.00974933|0.99829620|0.08648223|0.01343234|0.0|0.97446634|0.09937460|0.02853177|0.00434035|0.58679758|0.51558682|0.40719268|0.52302567|0.68067735|0.72418626|0.31540239|0.72563530|0.80498082|0.90809883|0.19000718|0.90954811|0.79574692|0.92965681|0.19424758|0.93527861|0.88712264|0.98421809|0.13233103|1.0|
0.48492836|0.01540275|0.50885167|0.00036996|0.52514848|0.00138757|0.54298986|0.00244733|0.45013650|0.0|0.42794682|0.00108579|0.40935555|0.00236889|0.56844932|0.02157032|0.38054107|0.02163388|0.52262357|0.04306216|0.44273357|0.04463795|0.74781039|0.16112656|0.23964925|0.16656382|0.85006989|0.32351821|0.14430240|0.33131417|0.95525585|0.47803601|0.05498603|0.47111246|1.0|0.52365150|0.0|0.51324986|0.95525606|0.52669941|0.03064073|0.51862624|0.93883313|0.51217672|0.05678579|0.50526324|0.64387733|0.48135383|0.37516025|0.48909158|0.67596610|0.71902792|0.36042023|0.69879503|0.64673170|0.91779427|0.40938307|0.91267363|0.62730262|0.93868011|0.46468037|0.93566349|0.74567757|1.0|0.28107658|0.99437839|
0.45347019|0.01670525|0.47802327|0.0|0.49865238|0.00061588|0.51992301|0.00132216|0.41656947|0.00018552|0.39224983|0.00127197|0.37007553|0.00317733|0.54553330|0.01863112|0.33514810|0.02368826|0.49947726|0.04315007|0.41060301|0.04509904|0.72141918|0.15447935|0.20348818|0.16815214|0.84425385|0.30929072|0.11551814|0.33164438|0.95761327|0.46067690|0.05090999|0.46370713|1.0|0.50799523|0.0|0.51399427|0.96455925|0.50689463|0.03949235|0.51750478|0.93582007|0.49452212|0.06379958|0.50198420|0.65363001|0.48566297|0.35460584|0.49071649|0.69978421|0.71652401|0.33112294|0.70839335|0.70144072|0.92112665|0.40147577|0.91759170|0.65450800|0.94571643|0.44197213|0.94668899|0.79695200|1.0|0.28489725|0.99559294|
END
START
0.52001123|0.13701078|0.52713456|0.11979910|0.54315544|0.12055137|0.54998782|0.12094163|0.49689809|0.12000758|0.48867543|0.12102773|0.47979099|0.12205371|0.55100413|0.13454237|0.45849337|0.13800531|0.53077007|0.16140683|0.49456206|0.16137629|0.65349167|0.24056599|0.34172001|0.22455332|0.83106961|0.18450709|0.14888231|0.15681183|0.95116641|0.04662576|0.02967202|0.07000513|1.0|0.01848471|0.0|0.03793227|0.97794241|0.0|0.02587719|0.02996054|0.97681556|0.01892114|0.02890332|0.04474455|0.60989741|0.56175584|0.43614963|0.56648682|0.73358233|0.75255253|0.30826818|0.75709181|0.88227751|0.91206132|0.17657820|0.92392689|0.87571314|0.93302001|0.17467261|0.94321692|0.94682014|0.98772321|0.11139576|1.0|
0.48917444|0.07788618|0.49676024|0.07148103|0.51007434|0.07181599|0.51580970|0.07122721|0.48087324|0.07246531|0.46493690|0.07333657|0.45823977|0.07380090|0.52770965|0.08420444|0.45000877|0.09580015|0.50749201|0.10419577|0.47834789|0.11090754|0.66399439|0.19830562|0.35607431|0.21051065|0.87105562|0.16794710|0.14008526|0.16185603|0.96486371|0.08733336|0.03611940|0.04398801|1.0|0.05826663|0.0|0.01929507|0.99421652|0.03520300|0.02923078|0.0|0.97256469|0.05467022|0.03407543|0.01810803|0.61411401|0.55919361|0.42161390|0.56144003|0.73335429|0.75606169|0.32108676|0.75715911|0.85988982|0.91709202|0.16985035|0.91563452|0.85967078|0.94348022|0.16638134|0.93411272|0.95404782|0.98844182|0.10134411|1.0|
0.50759228|0.01709064|0.53487567|0.0|0.55620241|0.00074781|0.57622601|0.00133712|0.46736151|0.00004151|0.44702529|0.00113295|0.42739790|0.00247048|0.60623604|0.01753705|0.40407079|0.02156538|0.55622345|0.04418052|0.46721111|0.04650987|0.79528138|0.15951193|0.25855313|0.17165309|0.88143825|0.33521578|0.17326372|0.34889615|0.97620641|0.48351540|0.05688483|0.47987199|1.0|0.53401719|0.0|0.52330741|0.97787475|0.53365876|0.01148670|0.51719063|0.94277468|0.51738067|0.04444620|0.50838110|0.69631189|0.49798644|0.40803661|0.50162200|0.74779656|0.71904645|0.35959434|0.72641467|0.72021391|0.92042897|0.42245858|0.90465117|0.68217444|0.94039820|0.47175932|0.92784971|0.81030732|1.0|0.30774912|0.99117080|
0.48690857|0.01889259|0.51623157|0.0|0.53689995|0.00076470|0.55553094|0.00166497|0.45400385|0.00055796|0.43041354|0.00187526|0.40803227|0.00346221|0.57996420|0.01501108|0.37144881|0.02141396|0.53032585|0.04675974|0.44403402|0.04720209|0.74710972|0.15193471|0.20308324|0.16270119|0.85172960|0.31347033|0.11858119|0.33188157|0.95960385|0.46035579|0.05318021|0.46499888|1.0|0.50496918|0.0|0.51455790|0.96959438|0.50430227|0.03228511|0.51661793|0.93623862|0.49230162|0.05538138|0.50100104|0.64260506|0.48192640|0.34186969|0.48292843|0.68909138|0.71627530|0.32766587|0.71049407|0.68261354|0.92136108|0.37201516|0.90653005|0.62760936|0.94454809|0.40849027|0.93760065|0.76936315|1.0|0.27799659|0.99107575|
END
START
0.51728179|0.01698294|0.53973287|0.00055587|0.55738121|0.00172505|0.57455676|0.00296482|0.47996713|0.0|0.45736027|0.00123783|0.43527533|0.00282078|0.60097782|0.02000888|0.39599072|0.02304434|0.55415423|0.04661967|0.47353475|0.04725741|0.76117877|0.16921603|0.24388437|0.17263208|0.86475733|0.32753266|0.14549932|0.35099887|0.95328698|0.47184078|0.04991659|0.49137921|1.0|0.51268451|0.0|0.52990428|0.97013826|0.51350044|0.01716092|0.53312971|0.95671091|0.50153337|0.04603964|0.52365820|0.65333119|0.50752377|0.37756560|0.50549365|0.71095405|0.73509084|0.34473295|0.74042048|0.72941156|0.92371598|0.43771645|0.91421272|0.68548221|0.95095158|0.46450869|0.93778901|0.79600953|1.0|0.33751107|0.99976529|
0.54344139|0.15956981|0.55938284|0.14578064|0.56542268|0.14655540|0.57156000|0.14680794|0.53023266|0.14482635|0.51224314|0.14518691|0.50149466|0.14524583|0.57333890|0.16686497|0.47159381|0.15869732|0.55273054|0.18415387|0.51513692|0.18358478|0.67383771|0.26304287|0.34691186|0.24154798|0.86034145|0.18008466|0.13992469|0.15403664|0.95357242|0.03936719|0.03281244|0.04860839|0.98765648|0.00261417|0.0|0.02787507|0.98639243|0.0|0.00581819|0.01599638|0.98279013|0.00418713|0.02676882|0.02670446|0.63952931|0.57008948|0.44812131|0.57749928|0.77383128|0.76703108|0.32283421|0.77180639|0.92413871|0.91588068|0.16942907|0.92587918|0.91027796|0.93530978|0.16730232|0.94347982|1.0|0.98925236|0.10295885|1.0|
0.50387388|0.05810480|0.51448253|0.04226443|0.51915061|0.04240192|0.52445415|0.04202703|0.49072849|0.04411330|0.48397045|0.04554536|0.46792163|0.04713206|0.53461669|0.05566663|0.45515252|0.07130557|0.52086708|0.08205371|0.49179463|0.08421818|0.66166658|0.16794835|0.35706617|0.19169019|0.87062802|0.13213252|0.16224061|0.17014442|0.96199352|0.03425246|0.02947921|0.06362681|1.0|0.00211916|0.0|0.03902317|0.98296338|0.0|0.01337172|0.01625279|0.97405448|0.00307902|0.03029303|0.03531121|0.63462278|0.51649501|0.44203624|0.52567407|0.69822938|0.74373331|0.34166476|0.74280676|0.83707987|0.91904892|0.21668795|0.90709916|0.82625461|0.94301516|0.21354968|0.92708038|0.90846859|1.0|0.15237998|0.97812046|
0.41512036|0.01595460|0.43571332|0.0|0.45822331|0.00060325|0.47818138|0.00111355|0.37448188|0.00150067|0.35586020|0.00310857|0.33717574|0.00483008|0.51196866|0.01667794|0.31738929|0.02376855|0.46627330|0.04174778|0.38313706|0.04723936|0.71180376|0.15808234|0.20451379|0.17724391|0.82074285|0.31563021|0.13693111|0.35201425|0.94194972|0.46364814|0.05809487|0.48128166|1.0|0.50253628|0.0|0.52826966|0.97684977|0.50699155|0.02898927|0.53273276|0.94420547|0.49700456|0.06081246|0.51917435|0.64730831|0.48523898|0.35904630|0.48541941|0.67620736|0.71503594|0.36978684|0.70578221|0.69457684|0.91770249|0.41165031|0.91188838|0.65525471|0.94338411|0.46458667|0.93322295|0.77687264|1.0|0.30210489|0.99223498|
0.43493697|0.01824932|0.46188575|0.0|0.48338003|0.00046319|0.50176687|0.00106269|0.39924326|0.00118915|0.37738806|0.00244003|0.35475777|0.00407136|0.53360706|0.01701128|0.32139525|0.02274963|0.47991074|0.04672396|0.39363933|0.04815305|0.69953085|0.15307262|0.18518292|0.16895870|0.81740702|0.31380211|0.11223990|0.34069536|0.94999866|0.45446078|0.04750267|0.47030023|1.0|0.49554090|0.0|0.52114964|0.98489510|0.49844078|0.02946805|0.52298789|0.95689165|0.48451020|0.05920946|0.50502420|0.62252416|0.48235519|0.33333882|0.48360196|0.67678875|0.71693036|0.32442094|0.71098011|0.68470160|0.92160371|0.38369341|0.91270668|0.65126250|0.94407577|0.42476701|0.94023459|0.76327030|1.0|0.28868225|0.99160848|
END
START
0.49286511|0.01778278|0.51866240|0.00013912|0.53912794|0.00105296|0.55582715|0.00187645|0.45539758|0.0|0.43287344|0.00100421|0.40909911|0.00251511|0.58194841|0.01718223|0.37132307|0.02048314|0.53096361|0.04685107|0.44626817|0.04758454|0.73702605|0.16967034|0.21927321|0.17705047|0.82881146|0.33814701|0.14982687|0.35141157|0.95072554|0.47981034|0.04710797|0.49357624|1.0|0.52668212|0.0|0.53727476|0.99430794|0.52709900|0.01115277|0.53488942|0.96069677|0.51042643|0.03747746|0.52446000|0.65711912|0.50054990|0.36671802|0.50750845|0.71867471|0.73009000|0.34777897|0.73087149|0.72676277|0.91992250|0.43478511|0.90717176|0.69552713|0.94591881|0.47870061|0.93179119|0.79766494|1.0|0.34131434|0.99578544|
0.52089104|0.17160142|0.54252922|0.15674279|0.54687383|0.15761724|0.56600685|0.15843515|0.51249025|0.15739948|0.50495317|0.15877173|0.47974011|0.16077563|0.56716457|0.16990470|0.46981667|0.17307415|0.54196016|0.19444802|0.50800199|0.19504251|0.68757076|0.27125997|0.34684649|0.27071912|0.85766654|0.20170621|0.15490243|0.17760835|0.94857081|0.04754339|0.02808565|0.03924884|0.95290762|0.02550480|0.0|0.01550246|0.95019979|0.01092456|0.00091767|0.0|0.94842231|0.02679237|0.02305764|0.01732067|0.62392056|0.59332505|0.43442547|0.59790295|0.77996292|0.78107561|0.27633793|0.78799423|0.91830921|0.91152400|0.13538355|0.92271075|0.92368569|0.93309770|0.12908818|0.94367575|1.0|0.98612543|0.06187303|1.0|
0.49451159|0.01040907|0.49810422|0.0|0.50751903|0.00039678|0.51152182|0.00018196|0.47643856|0.00073609|0.47081451|0.00186055|0.46434808|0.00270846|0.50935719|0.01276900|0.44477760|0.02262096|0.50539085|0.03725128|0.48350689|0.04224021|0.61806516|0.13929898|0.35772307|0.15321417|0.81582359|0.15725295|0.16270039|0.15075455|0.94697822|0.12167863|0.03465758|0.05225400|1.0|0.10528482|0.0|0.02583848|0.98524229|0.09789754|0.00953781|0.01780359|0.97153217|0.10459371|0.03176096|0.02080733|0.58230497|0.49907560|0.43725135|0.50552884|0.68761984|0.71667882|0.33689021|0.74698998|0.80609052|0.93401640|0.21562281|0.93057152|0.79231485|0.96052482|0.22947226|0.95442283|0.88214495|0.99678645|0.17363467|1.0|
0.46621100|0.02073448|0.49053893|0.0|0.51329088|0.00026657|0.53212501|0.00035148|0.42278577|0.00078493|0.39738871|0.00183025|0.37136191|0.00328162|0.55768693|0.01472449|0.33406903|0.02148114|0.51051129|0.04708764|0.41873255|0.05089814|0.74141669|0.15163850|0.17604275|0.16359185|0.85678348|0.31910716|0.11846462|0.33980960|0.95386798|0.46666954|0.05833713|0.47556671|1.0|0.50946492|0.0|0.52240667|0.96977667|0.51267701|0.03135679|0.52374136|0.94025706|0.50159391|0.07135343|0.50862943|0.64478293|0.48021061|0.31885048|0.47762941|0.65717980|0.71338377|0.30539225|0.70808376|0.67736756|0.92315388|0.36964472|0.91435518|0.63800298|0.94641986|0.41159819|0.93659928|0.77868776|1.0|0.25874770|0.99767136|
END
START
0.48008989|0.01973047|0.50140105|0.0|0.51975256|0.00052805|0.53493395|0.00094291|0.44658439|0.00042622|0.42545504|0.00140946|0.40409525|0.00274008|0.55585463|0.01574416|0.36946423|0.02108439|0.51351496|0.04833536|0.44005581|0.05050329|0.70159574|0.16429846|0.23902443|0.17450408|0.80984318|0.32501238|0.13474761|0.34568132|0.93765283|0.43683244|0.04194899|0.46818311|0.99731888|0.46212797|0.0|0.51379566|1.0|0.46087004|0.02129351|0.51645521|0.96163113|0.45508559|0.03152314|0.49761195|0.63050307|0.49893894|0.37804145|0.50497802|0.70498994|0.72932000|0.34790803|0.73161854|0.68583023|0.92578302|0.43029369|0.91610040|0.64191571|0.94777588|0.46560009|0.94181144|0.75440228|1.0|0.34148307|0.99818834|
0.52290909|0.18464764|0.52897680|0.16434931|0.53520428|0.16375221|0.55083978|0.16280700|0.49624099|0.16643715|0.48594898|0.16687631|0.46240229|0.16718125|0.55815537|0.17870782|0.44750580|0.17976078|0.53280600|0.20287163|0.49655663|0.20607639|0.67278980|0.25982059|0.34332192|0.26602099|0.80760712|0.18428626|0.16190838|0.19308960|0.77383885|0.03354842|0.09515008|0.06373709|0.78746844|0.01247925|0.08083282|0.03014659|0.76989288|0.0|0.07856330|0.01614409|0.76937456|0.01567832|0.08420346|0.03060369|0.63136752|0.58931694|0.42133432|0.58626670|0.76091186|0.77725466|0.24760711|0.78855007|0.91311842|0.90202122|0.07924693|0.92408415|0.89650118|0.91826567|0.07079771|0.94691812|1.0|0.96966128|0.0|1.0|
0.47316965|0.01582568|0.47944823|0.00012815|0.49030216|0.00052131|0.49517829|0.0|0.45680860|0.00085299|0.45230403|0.00139297|0.44690862|0.00567880|0.50497741|0.01053334|0.43699764|0.01993102|0.49077246|0.03944739|0.46535553|0.04005528|0.62584819|0.13094553|0.35508952|0.15065108|0.82013312|0.16363205|0.16063688|0.16700987|0.94247962|0.11770305|0.03427390|0.06219949|1.0|0.08747932|0.0|0.03553665|0.98569094|0.07953178|0.00915999|0.01376766|0.97179789|0.08580968|0.02821542|0.03104703|0.59263596|0.49437254|0.43279853|0.50132546|0.67787819|0.72789733|0.34483951|0.73304243|0.77587411|0.93461128|0.24675080|0.91852856|0.77352755|0.96224552|0.23814241|0.95265902|0.85427829|1.0|0.20243964|0.99989252|
0.50767373|0.01870063|0.53365554|0.00022453|0.55334036|0.00074097|0.57093016|0.00121362|0.46820673|0.0|0.44474305|0.00058839|0.41832849|0.00153879|0.58977427|0.01509610|0.37402708|0.01891946|0.54381807|0.04501604|0.45663500|0.04723377|0.75880859|0.15353709|0.18392068|0.16119856|0.87359346|0.31833063|0.11858967|0.33672411|0.96066526|0.45900714|0.05459816|0.47601467|1.0|0.50332162|0.0|0.51850519|0.95324901|0.50625494|0.04092327|0.51962171|0.93736957|0.49390397|0.07411213|0.50710656|0.63982566|0.47765664|0.33021745|0.47879252|0.66763494|0.71145947|0.32024736|0.71290125|0.65628517|0.91674916|0.38448125|0.91616670|0.61986963|0.94400814|0.42469528|0.94315978|0.77736358|0.99863596|0.27057935|1.0|
0.46441553|0.01937954|0.49223273|0.0|0.51393070|0.00023036|0.53316445|0.00055087|0.42536423|0.00143542|0.39944271|0.00288491|0.37435865|0.00462998|0.55431174|0.01295065|0.33379346|0.02233121|0.51198807|0.04595938|0.41893630|0.04786481|0.74435395|0.14957299|0.15963550|0.16414288|0.86454040|0.31298560|0.09306785|0.32769620|0.95595896|0.45276813|0.05584464|0.46345752|1.0|0.50198651|0.0|0.51159525|0.95765439|0.49968251|0.03398087|0.51392574|0.93981785|0.48565180|0.07451853|0.49936058|0.65606258|0.48395797|0.32098133|0.48596271|0.69478347|0.71856116|0.30471507|0.71598156|0.68440614|0.92231454|0.36153139|0.91139379|0.63566979|0.94736384|0.40600665|0.94422249|0.80204731|1.0|0.24873179|0.99719303|
END
START
0.50246472|0.01879998|0.52305387|0.0|0.53964667|0.00039685|0.55312125|0.00076803|0.47189079|0.00170253|0.45397723|0.00318229|0.43479110|0.00521498|0.57655165|0.01748616|0.40802456|0.02513694|0.53861159|0.04786962|0.46828069|0.04977821|0.72098330|0.16112679|0.28313193|0.17685189|0.83374792|0.31920816|0.16698430|0.33010043|0.94610497|0.43844893|0.04181113|0.44684697|1.0|0.47346516|0.0|0.47564021|0.98209825|0.47535351|0.01572987|0.47500752|0.94706379|0.45940773|0.02762005|0.46763764|0.65689288|0.50117879|0.41977764|0.50604697|0.69863892|0.72920760|0.40631920|0.73497584|0.66125710|0.92052750|0.45919014|0.91676969|0.62829262|0.95035285|0.48257450|0.93269549|0.73748985|1.0|0.36703148|0.99576216|
0.52613272|0.19187637|0.54610819|0.17385155|0.55380659|0.17396759|0.57065810|0.17415751|0.51227149|0.17421946|0.50176862|0.17456983|0.47980119|0.17460191|0.57988245|0.18503622|0.46580743|0.18475528|0.54979554|0.21383818|0.50960220|0.21473501|0.71097389|0.28416474|0.35572005|0.27462125|0.83684415|0.19442568|0.17403752|0.18294269|0.81865576|0.05141009|0.11293249|0.03406527|0.81894431|0.01488475|0.10072825|0.00167747|0.81820570|0.01561436|0.10350259|0.0|0.81514512|0.03223713|0.10869593|0.01312267|0.62198081|0.61719807|0.41028399|0.61318752|0.76908077|0.80691855|0.22891112|0.80055227|0.89733095|0.91648097|0.08524247|0.93017963|0.90463250|0.92909498|0.08075244|0.94990888|1.0|0.98773092|0.0|1.0|
0.51155609|0.01447173|0.51579254|0.00036540|0.52052833|0.00055386|0.53145648|0.00059266|0.49156072|0.00006808|0.48462410|0.00060831|0.46790060|0.0|0.52939387|0.01215799|0.45911646|0.01956573|0.51756953|0.03662258|0.48837397|0.03681995|0.63896685|0.13282112|0.35682877|0.15124616|0.81699634|0.15356070|0.17659123|0.14664567|0.95617808|0.11991940|0.04716910|0.04842140|1.0|0.09446930|0.0|0.02163819|0.99714948|0.08384914|0.02403838|0.01403010|0.97146160|0.10158906|0.02859854|0.01843077|0.61768591|0.48600770|0.44978686|0.49407132|0.68393441|0.71669296|0.36584418|0.73522575|0.79724715|0.91959350|0.28050935|0.91217695|0.78554743|0.94536994|0.27835634|0.93761039|0.86580655|0.98957519|0.24857329|1.0|
0.44016430|0.01629807|0.47120449|0.00072041|0.49383855|0.00144057|0.51526478|0.00188313|0.39593976|0.0|0.36967724|0.00065885|0.34397750|0.00161460|0.54559411|0.01786917|0.29851637|0.02197022|0.48940093|0.04350898|0.38545120|0.04544900|0.75194806|0.14939552|0.10158165|0.16232553|0.88170356|0.31953369|0.05737853|0.34729915|0.98072450|0.47584682|0.03053798|0.49315463|1.0|0.52381522|0.0|0.53530387|0.95691101|0.52389475|0.03043654|0.53504416|0.92512157|0.50945997|0.06556812|0.52093266|0.65562395|0.47530458|0.27576628|0.48108389|0.72119089|0.72077934|0.25029440|0.72941670|0.72365752|0.92324032|0.33907027|0.91607276|0.67318915|0.95493360|0.38725899|0.94072884|0.84618738|1.0|0.18559456|0.99373452|
0.44025338|0.01796260|0.46782398|0.0|0.48970402|0.00079814|0.50813121|0.00174276|0.40355231|0.00009090|0.38145801|0.00097513|0.35753939|0.00232688|0.53476582|0.01703589|0.31690604|0.02102066|0.48339308|0.04564318|0.39247226|0.04669336|0.72326127|0.15476336|0.14502143|0.17015745|0.84989337|0.31881733|0.08072840|0.33934576|0.95961680|0.46145703|0.04537440|0.47672184|1.0|0.50645873|0.0|0.52596365|0.96559966|0.50810773|0.03001021|0.52436692|0.93653548|0.49329427|0.06504351|0.51034656|0.65519965|0.48322044|0.32683260|0.48326646|0.69520466|0.71670132|0.31235650|0.71657534|0.69318605|0.92088621|0.33438800|0.91050370|0.66290443|0.94495297|0.38558757|0.93647078|0.79572835|1.0|0.22125905|0.99027523|
END
START
0.55597873|0.01861298|0.58278557|0.0|0.60139161|0.00045663|0.61840495|0.00112616|0.52467575|0.00124515|0.50433009|0.00261433|0.48376960|0.00419700|0.64482838|0.01441791|0.45023701|0.02229987|0.59535076|0.04714268|0.51675410|0.04838063|0.80688959|0.14903583|0.28725138|0.17123108|0.94936555|0.30212817|0.12819544|0.32674440|0.98733006|0.40765666|0.03953963|0.41254616|1.0|0.43983206|0.0|0.43931100|0.97357559|0.44847863|0.00429015|0.43967557|0.93617443|0.43381482|0.03876310|0.41847328|0.72075391|0.49171833|0.44100666|0.50222052|0.80729787|0.72911337|0.40173423|0.73575260|0.80089693|0.92447622|0.49822074|0.90611575|0.76177112|0.94885529|0.53618613|0.92611494|0.89702141|1.0|0.39868203|0.98808202|
0.47898265|0.17190551|0.49172876|0.15837576|0.50686732|0.15858507|0.51705048|0.15854842|0.45727127|0.15996553|0.44754183|0.16089747|0.43716599|0.16143820|0.54048323|0.17881648|0.41811860|0.17826101|0.50473530|0.19608523|0.45715023|0.19781651|0.66391089|0.27019084|0.31441051|0.27813969|0.78715317|0.14955019|0.14620462|0.14634708|0.66744967|0.08416592|0.15238570|0.02235348|0.62102330|0.08247786|0.18532686|0.00046313|0.62179623|0.08614257|0.18818199|0.0|0.62408972|0.08783729|0.19122890|0.01572441|0.60036639|0.61557890|0.37908682|0.61313331|0.75021138|0.79629491|0.21772509|0.79397618|0.88220866|0.92069421|0.08888893|0.91704824|0.87405024|0.93699704|0.09263525|0.94306144|1.0|0.98523121|0.0|1.0|
0.55459889|0.01383780|0.56956056|0.0|0.58126970|0.00046708|0.59221502|0.00087279|0.53496301|0.00169963|0.52252934|0.00341585|0.51099939|0.00511829|0.60637181|0.01972849|0.49317076|0.02728861|0.58008068|0.03994980|0.53531784|0.04218929|0.71849726|0.14973561|0.39978377|0.15948013|0.91272861|0.21436665|0.17528770|0.23453169|0.98801300|0.22886981|0.05201046|0.21129660|1.0|0.25070299|0.00879224|0.21498565|0.96474612|0.24753348|0.0|0.19566165|0.95627789|0.24404966|0.00493100|0.19240759|0.69007076|0.47848415|0.49564172|0.49283700|0.75225750|0.70146778|0.44004210|0.72142967|0.79882261|0.90241291|0.44209234|0.93381518|0.76842285|0.92412758|0.47380196|0.95677287|0.85686592|0.96607131|0.43464892|1.0|
0.44732540|0.01661173|0.47708054|0.0|0.49912642|0.00081228|0.51814944|0.00170997|0.41146545|0.00054901|0.38885867|0.00176374|0.36469288|0.00331098|0.54514709|0.01767609|0.32726615|0.02235996|0.49113900|0.04476417|0.40035910|0.04600062|0.72051125|0.15426964|0.15792775|0.16463193|0.83728955|0.31662092|0.10451331|0.34731962|0.96058731|0.45798848|0.05926312|0.48400520|1.0|0.49826282|0.0|0.53201256|0.97562473|0.50133760|0.02150917|0.53402645|0.94038385|0.49101838|0.06329380|0.51709606|0.63211025|0.48527667|0.29866739|0.48854000|0.68285839|0.72421420|0.27593830|0.72222612|0.70639528|0.91894278|0.34118166|0.91506354|0.65010800|0.94504815|0.38475611|0.94154439|0.80842666|1.0|0.21375819|0.99914528|
0.46397853|0.01839991|0.49344390|0.0|0.51578880|0.00049476|0.53408981|0.00100734|0.42505957|0.00052758|0.40105045|0.00142697|0.37539349|0.00258915|0.56138580|0.01445528|0.33237005|0.02067524|0.50682399|0.04562739|0.41354425|0.04711733|0.74946861|0.15170349|0.15965269|0.16715314|0.86123303|0.31299909|0.09342884|0.33910125|0.95170374|0.45983224|0.04778586|0.47752720|1.0|0.50696121|0.0|0.52612163|0.95081484|0.50921724|0.02603332|0.52710305|0.93092089|0.49202986|0.06156775|0.51104747|0.65750665|0.47994605|0.31595318|0.47783706|0.72183972|0.71438984|0.30445913|0.71374316|0.73726065|0.92639581|0.34728808|0.91490233|0.68632906|0.95136526|0.38200857|0.94295761|0.86268269|1.0|0.23040220|0.99881644|
END
START
0.50589136|0.01695271|0.52702594|0.00190963|0.54371513|0.00330272|0.55929530|0.00473645|0.47227403|0.0|0.45104581|0.00044760|0.43019323|0.00137732|0.58173846|0.01980378|0.39103653|0.02008844|0.53906226|0.04482487|0.46223838|0.04502179|0.73153968|0.16147914|0.24061537|0.17836105|0.85000120|0.31775006|0.13928242|0.34438372|0.94663743|0.44774909|0.04118904|0.46520313|1.0|0.48752678|0.0|0.50998295|0.99474570|0.48771244|0.00436106|0.50114839|0.94965844|0.47058456|0.03121289|0.49180791|0.65599784|0.49043431|0.38386847|0.49734275|0.75663721|0.72105894|0.31579601|0.73253208|0.73782084|0.92688928|0.41720359|0.91666503|0.69535172|0.94956616|0.46306312|0.94112852|0.82321401|0.99826244|0.30639119|1.0|
0.55210471|0.15389072|0.56259056|0.13785366|0.57013908|0.13819361|0.58481303|0.13845910|0.52966729|0.13743208|0.51842639|0.13779920|0.50006972|0.13838508|0.58570213|0.14929755|0.48077101|0.15050204|0.56268514|0.17605814|0.52348208|0.17608007|0.68410027|0.24391711|0.38129393|0.23443972|0.84921277|0.18077862|0.17570070|0.14678603|0.94798014|0.04198031|0.02909095|0.03691882|0.98196113|0.01771117|0.0|0.01779138|0.98239772|0.0|0.02017930|0.00325905|0.95523128|0.01882314|0.02319145|0.01680557|0.65577179|0.56240498|0.47394326|0.56801918|0.78114598|0.76177789|0.33786153|0.76824938|0.93254365|0.91050135|0.20306221|0.92546178|0.92228078|0.93200426|0.19844371|0.94355951|1.0|0.98402099|0.13128013|1.0|
0.47760806|0.04572319|0.48783074|0.03716253|0.49946500|0.03266379|0.50756002|0.03274869|0.47016142|0.03863981|0.45868998|0.04045586|0.45297094|0.04187704|0.52760985|0.05445975|0.45158437|0.06429662|0.49781356|0.07391631|0.46932276|0.08003521|0.66058617|0.17569074|0.36050455|0.18549018|0.85138868|0.16853721|0.14793413|0.15761212|0.95439376|0.13134575|0.03036897|0.04630562|1.0|0.10572393|0.0|0.00688556|0.99646818|0.08308414|0.01066453|0.0|0.96969382|0.10103967|0.02966207|0.01563113|0.61223663|0.51720221|0.42670398|0.51642213|0.70934262|0.72282420|0.31991330|0.73056478|0.82426686|0.90114919|0.19559146|0.91895821|0.79480052|0.92085318|0.20479012|0.93754963|0.89779852|0.98391349|0.11617382|1.0|
0.52507776|0.01866822|0.55292730|0.00132840|0.57526080|0.00250579|0.59407971|0.00341888|0.48644404|0.0|0.46477644|0.00051035|0.44212398|0.00118760|0.61579059|0.01693412|0.40443254|0.01887647|0.56662062|0.04593913|0.47706387|0.04596887|0.80724186|0.15974742|0.22519261|0.16590168|0.90700533|0.32793091|0.12926457|0.33186105|0.95776771|0.48114566|0.05711332|0.47138066|1.0|0.52780975|0.0|0.51855240|0.95550423|0.52939832|0.03408981|0.52125430|0.93839346|0.51189255|0.08295965|0.50089049|0.70848253|0.49014077|0.36962355|0.49340972|0.75320387|0.71422805|0.33155141|0.70913428|0.76934226|0.92812951|0.37247460|0.92411325|0.71457580|0.95312343|0.40262115|0.94946661|0.88551861|0.99833240|0.22841142|1.0|
0.44733203|0.01710861|0.47382427|0.00030207|0.49485355|0.00130590|0.51379669|0.00235959|0.41396907|0.0|0.39196950|0.00085555|0.36805868|0.00233521|0.53803418|0.01747270|0.32907233|0.02117436|0.48711531|0.04520595|0.40146806|0.04586499|0.71216402|0.15674544|0.17606051|0.16886776|0.82777989|0.31895904|0.10114974|0.34110379|0.95831238|0.45696530|0.04049038|0.46997068|1.0|0.50043415|0.0|0.51682657|0.97294163|0.50259859|0.02061591|0.51710981|0.95994230|0.48746862|0.05204506|0.50061417|0.62382587|0.48171530|0.31224500|0.48271508|0.68131728|0.72068307|0.29070186|0.71995408|0.71090029|0.92897733|0.30252643|0.92522790|0.66519350|0.95492191|0.34386653|0.95199657|0.82213944|0.99933636|0.20590153|1.0|
END
START
0.48664583|0.01409869|0.50612006|0.00076206|0.52322258|0.00192204|0.54098230|0.00325954|0.45282276|0.0|0.43225874|0.00092834|0.41035803|0.00230732|0.55928206|0.02233763|0.37512295|0.02497598|0.52031029|0.04408567|0.44499994|0.04391939|0.70865980|0.16380580|0.24720138|0.18044021|0.80715156|0.32770292|0.14229659|0.34360027|0.94133968|0.45431380|0.04223524|0.47541445|1.0|0.48526626|0.0|0.51338765|0.98375491|0.48577873|0.01626350|0.51653757|0.96389554|0.46848372|0.03826091|0.50615433|0.63658138|0.49911428|0.37910469|0.50143280|0.72019628|0.73371395|0.33268690|0.73113518|0.73737580|0.93014021|0.38086510|0.92235073|0.70558446|0.95220441|0.42742261|0.95174132|0.80947273|1.0|0.27972450|0.99796637|
0.53221745|0.11751778|0.53603664|0.10163665|0.55314231|0.10237070|0.55983305|0.10260909|0.51007253|0.10136323|0.50362856|0.10210452|0.48388238|0.10367673|0.57888681|0.11313267|0.47157632|0.11850757|0.54246399|0.14014093|0.50974493|0.14133890|0.69061886|0.22237333|0.35733330|0.21381604|0.86602223|0.17283696|0.14523937|0.16150185|0.96860377|0.04685615|0.03318983|0.04771769|1.0|0.00445231|0.0|0.02555268|0.99787423|0.0|0.00556598|0.01038276|0.97502834|0.01879500|0.02583592|0.02458374|0.64023367|0.54664765|0.45192843|0.54926124|0.76064833|0.75856485|0.32156772|0.76070972|0.89786823|0.91096711|0.19133569|0.92000109|0.89356164|0.94088150|0.18443730|0.93756967|0.96244363|0.99609319|0.12202448|1.0|
0.49072618|0.04040668|0.49583291|0.02808758|0.50750525|0.02867715|0.51421970|0.02854174|0.46783160|0.02974646|0.45999967|0.03136363|0.45097823|0.03734585|0.51814027|0.04747409|0.43311680|0.05512009|0.50852097|0.06672432|0.47584132|0.06792969|0.64094477|0.16939354|0.35223646|0.18772802|0.80030232|0.16780067|0.13585477|0.14739439|0.95347293|0.11589896|0.02776021|0.03353257|1.0|0.10258037|0.0|0.00852775|0.99728200|0.08144805|0.02389457|0.0|0.97013448|0.09517603|0.03023736|0.00315865|0.61943068|0.52418944|0.43586491|0.52718762|0.71580055|0.74608871|0.32570655|0.72401559|0.85133915|0.91233533|0.19361140|0.91006306|0.85081514|0.93778451|0.19698455|0.93140940|0.93552955|0.98465381|0.13144413|1.0|
0.45760187|0.01851108|0.48126751|0.0|0.50125713|0.00012786|0.52439828|0.00029698|0.41255039|0.00117461|0.38655037|0.00268719|0.36529824|0.00436538|0.55542172|0.01609590|0.33508061|0.02294772|0.50642492|0.04615669|0.41559249|0.04965223|0.76062221|0.15223593|0.18561597|0.17053157|0.87093228|0.32154532|0.13381988|0.35976931|0.94752221|0.46694417|0.06816406|0.49755642|1.0|0.50951725|0.0|0.54614592|0.94997459|0.51327737|0.01977920|0.54780194|0.93107003|0.49629150|0.06415836|0.52780835|0.67109393|0.48283629|0.35819596|0.49176875|0.71541202|0.71392808|0.34761489|0.70862187|0.73219388|0.92267403|0.38282774|0.90597496|0.68402719|0.94588968|0.44332073|0.93192711|0.83545338|1.0|0.27241344|0.99443049|
0.42822242|0.01657998|0.45564701|0.00002712|0.47765412|0.00100883|0.49617270|0.00209639|0.39156892|0.0|0.36952786|0.00107144|0.34528945|0.00257678|0.52514973|0.01802320|0.30988803|0.02292252|0.47339406|0.04525260|0.38343064|0.04657820|0.70652339|0.15542888|0.14841166|0.17033016|0.82819915|0.32000395|0.08701975|0.34696957|0.95217657|0.45991177|0.04951220|0.47750578|1.0|0.50356442|0.0|0.52565565|0.96810163|0.50631642|0.02316340|0.52736462|0.94924452|0.49155540|0.05857821|0.51010643|0.61865238|0.48404698|0.30110551|0.48658586|0.66909120|0.71767296|0.30495279|0.71788483|0.68951907|0.92305999|0.33953689|0.90904510|0.64158287|0.94610062|0.37510143|0.93490217|0.79217158|1.0|0.23258937|0.99097479|
END
START
0.48223593|0.01764277|0.50757890|0.00072849|0.52671477|0.00183811|0.54438388|0.00306555|0.44753763|0.0|0.42512217|0.00083167|0.40268464|0.00202914|0.57276503|0.01819618|0.36459091|0.02072854|0.51956042|0.04592052|0.43582447|0.04749289|0.73774667|0.16588436|0.21131383|0.17770850|0.83452328|0.33626238|0.14111060|0.35148007|0.94718415|0.47148143|0.05184777|0.49114493|1.0|0.51743424|0.0|0.53508677|0.97438265|0.51925478|0.01252995|0.53640504|0.95847125|0.49980112|0.04440776|0.52141776|0.66289645|0.49423430|0.36882572|0.50281161|0.75614957|0.72854479|0.30123938|0.73819057|0.73210633|0.92026806|0.39745938|0.91021837|0.69183070|0.94200947|0.44663059|0.93471073|0.81017272|0.99765670|0.28890152|1.0|
0.54789908|0.12593855|0.56548407|0.10689163|0.57087639|0.10720470|0.57644199|0.10734267|0.54066699|0.10609251|0.52359986|0.10659048|0.51651628|0.10679639|0.58975638|0.11708718|0.49239121|0.11980839|0.56167443|0.14979272|0.52270560|0.14897129|0.68542690|0.21553567|0.38684041|0.22014813|0.85703875|0.17292185|0.18552351|0.18244616|0.96495481|0.04262318|0.04669023|0.06941449|0.99837702|0.00346640|0.0|0.04913824|1.0|0.0|0.02557705|0.03061091|0.97619798|0.00587052|0.02911684|0.04643078|0.66498962|0.55004493|0.48487444|0.55013871|0.78791150|0.74638334|0.39903665|0.75527044|0.90330276|0.91080450|0.25525105|0.91640542|0.88690957|0.93156615|0.23799871|0.93547245|0.96428052|0.98588675|0.18340772|1.0|
0.48919793|0.14185997|0.49347947|0.12824428|0.49961042|0.12841137|0.51464116|0.12839217|0.46352481|0.12937280|0.45549663|0.13048531|0.44660714|0.13113594|0.52604520|0.14944844|0.42416552|0.15176004|0.50251657|0.16608397|0.46503563|0.16750538|0.66956291|0.25350008|0.32605750|0.26287262|0.88436736|0.18361141|0.12264690|0.16913089|0.96520289|0.07633976|0.03386009|0.04753487|0.99837144|0.04862202|0.0|0.01259796|0.96916673|0.04313817|0.02696209|0.0|0.96117879|0.04717508|0.03156579|0.01267280|0.61639013|0.58445318|0.40119919|0.58470701|0.75328677|0.77365299|0.22373233|0.77003963|0.90367672|0.91327366|0.13092487|0.91841192|0.89997963|0.93169851|0.13472805|0.94236830|1.0|0.97664797|0.04107392|1.0|
0.49654639|0.01535966|0.51845442|0.00016671|0.53454040|0.00111235|0.55061701|0.00207372|0.46438399|0.0|0.44430660|0.00144887|0.42624544|0.00321805|0.57524221|0.01756055|0.39512565|0.02423857|0.53512661|0.04435303|0.46258241|0.04573695|0.73183842|0.15936589|0.26492529|0.18251220|0.83444744|0.31983909|0.16015334|0.35414451|0.94750281|0.44223393|0.03874154|0.46398224|1.0|0.48734017|0.0|0.49244123|0.98731808|0.47844705|0.01942668|0.48957136|0.95228515|0.46889355|0.02607771|0.48388135|0.66605586|0.50301941|0.40872101|0.50935986|0.70109666|0.71572475|0.39973373|0.73645777|0.65224875|0.91642659|0.45510201|0.91958243|0.63499221|0.94661937|0.48342936|0.93985695|0.72941032|0.99788287|0.35655789|1.0|
0.45854553|0.01813684|0.48728797|0.00157451|0.51045812|0.00306831|0.53140030|0.00459217|0.42176331|0.0|0.39889683|0.00040661|0.37303651|0.00145269|0.55703095|0.01951942|0.33266923|0.02078705|0.50093872|0.04630631|0.40669780|0.04608169|0.73716647|0.16007813|0.14845485|0.16926504|0.85556082|0.32416732|0.07680210|0.33610576|0.95310380|0.46823995|0.03998589|0.47704015|1.0|0.51519401|0.0|0.52434275|0.94832813|0.51748442|0.03070998|0.52406606|0.92892562|0.50206250|0.06561835|0.50723148|0.65189721|0.48890545|0.31437422|0.49020076|0.68313187|0.72006402|0.33281338|0.71863041|0.65777365|0.91860768|0.39369569|0.91530441|0.62646956|0.94223870|0.43045437|0.94543470|0.74251102|1.0|0.28831330|0.99379527|
END
